0,1,2,3,4,5,6,7,8,9,10,11,12,13,14,15,16,17,18,19,20,21,22,23,24,25,26,27,28,29,30,31,32,33,34,35,36,37,38,39,40,41,42,43,44,45,46,47,48,49,50,51,52,53,54,55,56,57,58,59,60,61,62,63,64,65,66,67,68,69,70,71,Counts
-1,1,-1,1,-1,-1,-1,-1,1,-1,-1,-1,-1,0,-1,1,-1,-1,-1,-1,0,-1,0,0,1,1,-1,1,-1,-1,-1,-1,1,-1,-1,0,-1,0,-1,-1,1,-1,-1,-1,1,-1,0,0,,,,,,,,,,,,,,,,,,,,,,,,,1211
1,1,-1,1,-1,-1,-1,-1,1,-1,-1,0,-1,0,-1,-1,1,-1,-1,-1,1,-1,0,0,-1,-1,1,1,-1,-1,-1,1,1,-1,-1,1,1,-1,-1,-1,-1,-1,-1,-1,0,-1,0,0,,,,,,,,,,,,,,,,,,,,,,,,,1080
-1,-1,1,1,-1,-1,-1,1,1,-1,-1,1,1,-1,-1,-1,-1,-1,-1,-1,0,-1,0,0,1,1,-1,1,-1,-1,-1,-1,1,-1,-1,0,-1,0,1,1,-1,1,1,-1,1,-1,0,0,,,,,,,,,,,,,,,,,,,,,,,,,1380
1,1,-1,1,-1,-1,-1,-1,1,-1,-1,0,-1,0,1,1,-1,1,1,-1,1,-1,0,0,-1,-1,1,1,-1,-1,-1,1,-1,-1,-1,1,1,-1,-1,-1,-1,-1,-1,-1,0,-1,0,0,,,,,,,,,,,,,,,,,,,,,,,,,9683
-1,-1,1,1,-1,-1,-1,1,-1,-1,-1,1,1,-1,-1,-1,-1,-1,-1,-1,0,-1,0,0,-1,-1,1,-1,-1,-1,-1,-1,-1,-1,-1,-1,-1,0,-1,1,-1,1,-1,-1,0,-1,0,0,,,,,,,,,,,,,,,,,,,,,,,,,3208
-1,-1,1,-1,-1,-1,-1,-1,-1,-1,-1,-1,-1,0,-1,1,-1,1,-1,-1,0,-1,0,0,-1,1,1,1,0,-1,-1,-1,1,-1,-1,1,1,-1,-1,0,0,-1,-1,-1,0,-1,0,0,,,,,,,,,,,,,,,,,,,,,,,,,1306
-1,1,1,1,0,-1,-1,-1,1,-1,-1,1,1,-1,-1,0,0,-1,-1,-1,0,-1,0,0,1,1,-1,1,-1,-1,-1,-1,1,-1,-1,0,-1,0,-1,1,-1,-1,-1,-1,1,-1,0,0,,,,,,,,,,,,,,,,,,,,,,,,,4209
1,1,-1,1,-1,-1,-1,-1,1,-1,-1,0,-1,0,-1,1,-1,-1,-1,-1,1,-1,0,0,-1,-1,1,1,-1,-1,-1,1,-1,-1,-1,1,1,-1,-1,-1,-1,-1,-1,-1,0,-1,0,0,,,,,,,,,,,,,,,,,,,,,,,,,8072
-1,-1,1,1,-1,-1,-1,1,-1,-1,-1,1,1,-1,-1,-1,-1,-1,-1,-1,0,-1,0,0,-1,-1,1,-1,-1,-1,-1,-1,-1,-1,-1,1,1,-1,-1,-1,-1,-1,-1,-1,0,-1,0,0,,,,,,,,,,,,,,,,,,,,,,,,,8659
-1,-1,1,-1,-1,-1,-1,-1,-1,-1,-1,1,1,-1,-1,-1,-1,-1,-1,-1,0,-1,0,0,1,1,-1,1,-1,-1,-1,-1,1,-1,-1,0,-1,0,1,1,-1,1,1,-1,1,-1,0,0,,,,,,,,,,,,,,,,,,,,,,,,,9963
-1,-1,1,1,-1,-1,-1,1,-1,-1,-1,1,1,-1,-1,-1,-1,-1,-1,-1,0,-1,0,0,-1,-1,1,-1,-1,-1,-1,-1,1,-1,-1,1,1,-1,-1,-1,-1,-1,-1,-1,0,-1,0,0,,,,,,,,,,,,,,,,,,,,,,,,,1702
-1,-1,1,-1,-1,-1,-1,-1,1,-1,-1,1,1,-1,-1,-1,-1,-1,-1,-1,0,-1,0,0,1,1,-1,1,-1,-1,-1,-1,1,-1,-1,0,-1,0,-1,-1,1,1,-1,-1,1,-1,0,0,,,,,,,,,,,,,,,,,,,,,,,,,4361
1,1,-1,1,-1,-1,-1,-1,1,-1,-1,0,-1,0,-1,-1,1,1,-1,-1,1,-1,0,0,-1,1,-1,1,0,-1,-1,-1,1,-1,-1,1,-1,0,1,0,0,-1,-1,-1,0,-1,0,0,,,,,,,,,,,,,,,,,,,,,,,,,3123
-1,1,-1,1,0,-1,-1,-1,1,-1,-1,1,-1,0,1,0,0,-1,-1,-1,0,-1,0,0,1,1,-1,1,-1,-1,-1,-1,1,-1,-1,0,-1,0,-1,1,-1,-1,-1,-1,1,-1,0,0,,,,,,,,,,,,,,,,,,,,,,,,,3662
1,1,-1,1,-1,-1,-1,-1,1,-1,-1,0,-1,0,-1,1,-1,-1,-1,-1,1,-1,0,0,-1,-1,1,-1,-1,-1,-1,-1,1,-1,-1,1,1,-1,-1,-1,-1,-1,-1,-1,0,-1,0,0,,,,,,,,,,,,,,,,,,,,,,,,,3570
1,1,-1,1,-1,-1,-1,-1,1,-1,-1,0,-1,0,-1,-1,1,1,-1,-1,1,-1,0,0,-1,-1,1,-1,-1,-1,-1,-1,1,-1,-1,1,1,-1,-1,-1,-1,-1,-1,-1,0,-1,0,0,,,,,,,,,,,,,,,,,,,,,,,,,5268
1,1,-1,1,-1,-1,-1,-1,1,-1,-1,0,-1,0,-1,-1,1,1,-1,-1,1,-1,0,0,-1,1,1,1,-1,1,-1,-1,1,-1,-1,1,1,-1,-1,-1,-1,-1,-1,-1,0,-1,0,0,,,,,,,,,,,,,,,,,,,,,,,,,2825
-1,1,1,1,-1,1,-1,-1,1,-1,-1,1,1,-1,-1,-1,-1,-1,-1,-1,0,-1,0,0,1,1,-1,1,-1,-1,-1,-1,1,-1,-1,0,-1,0,-1,-1,1,1,-1,-1,1,-1,0,0,,,,,,,,,,,,,,,,,,,,,,,,,3617
1,1,-1,1,-1,-1,-1,-1,1,-1,-1,0,-1,0,-1,-1,1,1,-1,-1,1,-1,0,0,1,1,-1,1,-1,-1,-1,-1,1,-1,-1,0,-1,0,-1,-1,1,1,-1,-1,1,-1,0,0,,,,,,,,,,,,,,,,,,,,,,,,,1548
1,1,-1,1,-1,-1,-1,-1,1,-1,-1,0,-1,0,-1,-1,1,1,-1,-1,1,-1,0,0,-1,-1,1,-1,-1,-1,-1,-1,1,-1,-1,1,-1,0,1,-1,-1,-1,-1,-1,0,-1,0,0,,,,,,,,,,,,,,,,,,,,,,,,,1961
-1,-1,1,-1,-1,-1,-1,-1,1,-1,-1,1,-1,0,1,-1,-1,-1,-1,-1,0,-1,0,0,-1,1,1,1,0,-1,-1,-1,1,-1,-1,1,1,-1,-1,0,0,-1,-1,-1,0,-1,0,0,,,,,,,,,,,,,,,,,,,,,,,,,883
-1,1,1,1,0,-1,-1,-1,1,-1,-1,1,1,-1,-1,0,0,-1,-1,-1,0,-1,0,0,1,1,-1,1,-1,-1,-1,-1,1,-1,-1,0,-1,0,-1,-1,1,1,-1,-1,1,-1,0,0,,,,,,,,,,,,,,,,,,,,,,,,,4339
1,1,-1,1,-1,-1,-1,-1,1,-1,-1,0,-1,0,-1,-1,1,1,-1,-1,1,-1,0,0,-1,1,1,-1,-1,-1,1,-1,1,-1,-1,1,-1,0,1,-1,-1,-1,-1,-1,0,-1,0,0,,,,,,,,,,,,,,,,,,,,,,,,,6107
-1,1,1,-1,-1,-1,1,-1,1,-1,-1,1,-1,0,1,-1,-1,-1,-1,-1,0,-1,0,0,1,1,-1,1,-1,-1,-1,-1,1,-1,-1,0,-1,0,-1,-1,1,1,-1,-1,1,-1,0,0,,,,,,,,,,,,,,,,,,,,,,,,,3973
-1,-1,1,-1,-1,-1,-1,-1,1,-1,-1,1,1,-1,-1,-1,-1,-1,-1,-1,0,-1,0,0,-1,-1,1,1,-1,-1,-1,1,1,-1,-1,1,1,-1,-1,-1,-1,-1,-1,-1,0,-1,0,0,,,,,,,,,,,,,,,,,,,,,,,,,3937
-1,-1,1,1,-1,-1,-1,1,1,-1,-1,1,1,-1,-1,-1,-1,-1,-1,-1,0,-1,0,0,1,1,-1,1,-1,-1,-1,-1,1,-1,-1,0,-1,0,-1,1,-1,-1,-1,-1,1,-1,0,0,,,,,,,,,,,,,,,,,,,,,,,,,797
1,1,-1,1,-1,-1,-1,-1,1,-1,-1,0,-1,0,-1,1,-1,-1,-1,-1,1,-1,0,0,-1,1,1,-1,-1,-1,1,-1,1,-1,-1,1,-1,0,1,-1,-1,-1,-1,-1,0,-1,0,0,,,,,,,,,,,,,,,,,,,,,,,,,5629
-1,1,1,-1,-1,-1,1,-1,1,-1,-1,1,-1,0,1,-1,-1,-1,-1,-1,0,-1,0,0,-1,-1,1,-1,-1,-1,-1,-1,-1,-1,-1,1,1,-1,-1,-1,-1,-1,-1,-1,0,-1,0,0,,,,,,,,,,,,,,,,,,,,,,,,,1084
-1,-1,1,-1,-1,-1,-1,-1,-1,-1,-1,1,1,-1,-1,-1,-1,-1,-1,-1,0,-1,0,0,-1,-1,1,1,-1,-1,-1,1,-1,-1,-1,1,1,-1,-1,-1,-1,-1,-1,-1,0,-1,0,0,,,,,,,,,,,,,,,,,,,,,,,,,11685
-1,-1,1,1,-1,-1,-1,1,-1,-1,-1,1,1,-1,-1,-1,-1,-1,-1,-1,0,-1,0,0,-1,-1,1,-1,-1,-1,-1,-1,1,-1,-1,-1,-1,0,-1,1,-1,1,-1,-1,0,-1,0,0,,,,,,,,,,,,,,,,,,,,,,,,,916
-1,-1,1,-1,-1,-1,-1,-1,1,-1,-1,-1,-1,0,-1,1,-1,1,-1,-1,0,-1,0,0,-1,1,1,1,0,-1,-1,-1,1,-1,-1,1,1,-1,-1,0,0,-1,-1,-1,0,-1,0,0,,,,,,,,,,,,,,,,,,,,,,,,,1241
-1,1,1,1,0,-1,-1,-1,1,-1,-1,1,1,-1,-1,0,0,-1,-1,-1,0,-1,0,0,1,1,-1,1,-1,-1,-1,-1,1,-1,-1,0,-1,0,1,1,-1,1,1,-1,1,-1,0,0,,,,,,,,,,,,,,,,,,,,,,,,,4021
1,1,-1,1,-1,-1,-1,-1,1,-1,-1,0,-1,0,1,1,-1,1,1,-1,1,-1,0,0,1,1,-1,1,-1,-1,-1,-1,1,-1,-1,0,-1,0,-1,-1,-1,1,1,-1,1,-1,0,0,,,,,,,,,,,,,,,,,,,,,,,,,21095
1,1,-1,1,-1,-1,-1,-1,1,-1,-1,0,-1,0,-1,-1,-1,1,1,-1,1,-1,0,0,-1,1,1,-1,-1,-1,1,-1,1,-1,-1,1,-1,0,1,-1,-1,-1,-1,-1,0,-1,0,0,,,,,,,,,,,,,,,,,,,,,,,,,1669
-1,1,1,-1,-1,-1,1,-1,1,-1,-1,1,-1,0,1,-1,-1,-1,-1,-1,0,-1,0,0,1,1,-1,1,-1,-1,-1,-1,1,-1,-1,0,-1,0,1,1,-1,1,1,-1,1,-1,0,0,,,,,,,,,,,,,,,,,,,,,,,,,4565
1,1,-1,1,-1,-1,-1,-1,1,-1,-1,0,-1,0,-1,-1,-1,1,1,-1,1,-1,0,0,-1,-1,1,-1,-1,-1,-1,-1,-1,-1,-1,1,1,-1,-1,-1,-1,-1,-1,-1,0,-1,0,0,,,,,,,,,,,,,,,,,,,,,,,,,4181
-1,-1,1,-1,-1,-1,-1,-1,-1,-1,-1,1,1,-1,-1,-1,-1,-1,-1,-1,0,-1,0,0,1,1,-1,1,-1,-1,-1,-1,1,-1,-1,0,-1,0,-1,-1,1,1,-1,-1,1,-1,0,0,,,,,,,,,,,,,,,,,,,,,,,,,7190
-1,1,1,-1,-1,-1,1,-1,1,-1,-1,1,-1,0,1,-1,-1,-1,-1,-1,0,-1,0,0,-1,-1,1,-1,-1,-1,-1,-1,1,-1,-1,1,1,-1,-1,-1,-1,-1,-1,-1,0,-1,0,0,,,,,,,,,,,,,,,,,,,,,,,,,461
-1,-1,1,1,-1,-1,-1,1,1,-1,-1,1,1,-1,-1,-1,-1,-1,-1,-1,0,-1,0,0,1,1,-1,1,-1,-1,-1,-1,1,-1,-1,0,-1,0,1,1,-1,-1,1,-1,1,-1,0,0,,,,,,,,,,,,,,,,,,,,,,,,,720
1,1,-1,1,-1,-1,-1,-1,1,-1,-1,0,-1,0,1,1,-1,-1,1,-1,1,-1,0,0,-1,1,1,-1,-1,-1,1,-1,1,-1,-1,1,-1,0,1,-1,-1,-1,-1,-1,0,-1,0,0,,,,,,,,,,,,,,,,,,,,,,,,,334
1,1,-1,1,-1,-1,-1,-1,1,-1,-1,0,-1,0,-1,-1,1,1,-1,-1,1,-1,0,0,1,1,-1,1,-1,-1,-1,-1,1,-1,-1,0,-1,0,-1,1,-1,-1,-1,-1,1,-1,0,0,,,,,,,,,,,,,,,,,,,,,,,,,10222
1,1,-1,1,-1,-1,-1,-1,1,-1,-1,0,-1,0,-1,1,-1,-1,-1,-1,1,-1,0,0,-1,-1,1,1,-1,-1,-1,1,1,-1,-1,1,1,-1,-1,-1,-1,-1,-1,-1,0,-1,0,0,,,,,,,,,,,,,,,,,,,,,,,,,3354
-1,-1,1,1,-1,-1,-1,1,1,-1,-1,1,1,-1,-1,-1,-1,-1,-1,-1,0,-1,0,0,1,1,-1,1,-1,-1,-1,-1,1,-1,-1,0,-1,0,-1,-1,1,1,-1,-1,1,-1,0,0,,,,,,,,,,,,,,,,,,,,,,,,,1370
1,1,-1,1,-1,-1,-1,-1,1,-1,-1,0,-1,0,-1,-1,1,1,-1,-1,1,-1,0,0,-1,-1,1,-1,-1,-1,-1,-1,-1,-1,-1,-1,-1,0,-1,1,-1,1,-1,-1,0,-1,0,0,,,,,,,,,,,,,,,,,,,,,,,,,3793
-1,-1,1,-1,-1,-1,-1,-1,-1,-1,-1,-1,-1,0,-1,1,-1,1,-1,-1,0,-1,0,0,-1,-1,1,1,-1,-1,-1,1,-1,-1,-1,1,1,-1,-1,-1,-1,-1,-1,-1,0,-1,0,0,,,,,,,,,,,,,,,,,,,,,,,,,1631
-1,-1,1,1,-1,-1,-1,1,-1,-1,-1,1,1,-1,-1,-1,-1,-1,-1,-1,0,-1,0,0,1,1,-1,1,-1,-1,-1,-1,1,-1,-1,0,-1,0,-1,1,-1,-1,-1,-1,1,-1,0,0,,,,,,,,,,,,,,,,,,,,,,,,,5673
-1,-1,1,-1,-1,-1,-1,-1,-1,-1,-1,-1,-1,0,-1,1,-1,1,-1,-1,0,-1,0,0,1,1,-1,1,-1,-1,-1,-1,1,-1,-1,0,-1,0,-1,-1,1,1,-1,-1,1,-1,0,0,,,,,,,,,,,,,,,,,,,,,,,,,8719
1,1,-1,1,-1,-1,-1,-1,1,-1,-1,0,-1,0,-1,-1,1,1,-1,-1,1,-1,0,0,-1,1,-1,1,-1,-1,-1,-1,1,-1,-1,-1,-1,0,-1,1,-1,-1,-1,-1,0,-1,0,0,,,,,,,,,,,,,,,,,,,,,,,,,2817
-1,1,-1,1,-1,-1,-1,-1,1,-1,-1,-1,-1,0,-1,1,-1,-1,-1,-1,0,-1,0,0,1,1,-1,1,-1,-1,-1,-1,1,-1,-1,0,-1,0,-1,-1,1,1,-1,-1,1,-1,0,0,,,,,,,,,,,,,,,,,,,,,,,,,8106
-1,-1,1,-1,-1,-1,-1,-1,-1,-1,-1,-1,-1,0,-1,1,-1,1,-1,-1,0,-1,0,0,1,1,-1,1,-1,-1,-1,-1,1,-1,-1,0,-1,0,1,1,-1,1,1,-1,1,-1,0,0,,,,,,,,,,,,,,,,,,,,,,,,,5707
1,1,-1,1,-1,-1,-1,-1,1,-1,-1,0,-1,0,1,1,-1,1,1,-1,1,-1,0,0,-1,-1,1,-1,-1,-1,-1,-1,1,-1,-1,1,-1,0,1,-1,-1,-1,-1,-1,0,-1,0,0,,,,,,,,,,,,,,,,,,,,,,,,,979
-1,-1,1,-1,-1,-1,-1,-1,1,-1,-1,1,-1,0,1,-1,-1,-1,-1,-1,0,-1,0,0,-1,-1,1,1,-1,-1,-1,1,-1,-1,-1,1,1,-1,-1,-1,-1,-1,-1,-1,0,-1,0,0,,,,,,,,,,,,,,,,,,,,,,,,,100
-1,-1,1,1,-1,-1,-1,1,-1,-1,-1,1,1,-1,-1,-1,-1,-1,-1,-1,0,-1,0,0,-1,1,-1,1,-1,-1,-1,-1,1,-1,-1,-1,-1,0,-1,1,-1,-1,-1,-1,0,-1,0,0,,,,,,,,,,,,,,,,,,,,,,,,,2747
-1,-1,1,-1,-1,-1,-1,-1,1,-1,-1,1,-1,0,1,-1,-1,-1,-1,-1,0,-1,0,0,1,1,-1,1,-1,-1,-1,-1,1,-1,-1,0,-1,0,-1,-1,1,1,-1,-1,1,-1,0,0,,,,,,,,,,,,,,,,,,,,,,,,,3048
-1,1,-1,1,-1,-1,-1,-1,1,-1,-1,-1,-1,0,-1,1,-1,-1,-1,-1,0,-1,0,0,1,1,-1,1,-1,-1,-1,-1,1,-1,-1,0,-1,0,1,1,-1,1,1,-1,1,-1,0,0,,,,,,,,,,,,,,,,,,,,,,,,,8426
1,1,-1,1,-1,-1,-1,-1,1,-1,-1,0,-1,0,1,1,-1,1,1,-1,1,-1,0,0,-1,-1,1,-1,-1,-1,-1,-1,1,-1,-1,1,1,-1,-1,-1,-1,-1,-1,-1,0,-1,0,0,,,,,,,,,,,,,,,,,,,,,,,,,4259
1,1,-1,1,-1,-1,-1,-1,1,-1,-1,0,-1,0,-1,-1,1,1,-1,-1,1,-1,0,0,-1,-1,1,1,-1,-1,-1,1,-1,-1,-1,1,1,-1,-1,-1,-1,-1,-1,-1,0,-1,0,0,,,,,,,,,,,,,,,,,,,,,,,,,10572
-1,-1,1,1,-1,-1,-1,1,-1,-1,-1,1,1,-1,-1,-1,-1,-1,-1,-1,0,-1,0,0,-1,-1,1,1,-1,-1,-1,1,-1,-1,-1,1,1,-1,-1,-1,-1,-1,-1,-1,0,-1,0,0,,,,,,,,,,,,,,,,,,,,,,,,,2854
-1,-1,1,1,-1,-1,-1,1,-1,-1,-1,1,1,-1,-1,-1,-1,-1,-1,-1,0,-1,0,0,1,1,-1,1,-1,-1,-1,-1,1,-1,-1,0,-1,0,1,1,-1,1,1,-1,1,-1,0,0,,,,,,,,,,,,,,,,,,,,,,,,,5569
1,1,-1,1,-1,-1,-1,-1,1,-1,-1,0,-1,0,1,1,-1,1,1,-1,1,-1,0,0,-1,1,1,-1,-1,-1,1,-1,1,-1,-1,1,1,-1,-1,-1,-1,-1,-1,-1,0,-1,0,0,,,,,,,,,,,,,,,,,,,,,,,,,9252
-1,1,1,-1,-1,-1,1,-1,1,-1,-1,1,1,-1,-1,-1,-1,-1,-1,-1,0,-1,0,0,-1,1,-1,1,-1,-1,-1,-1,1,-1,-1,-1,-1,0,-1,1,-1,-1,-1,-1,0,-1,0,0,,,,,,,,,,,,,,,,,,,,,,,,,1066
1,1,-1,1,-1,-1,-1,-1,1,-1,-1,0,-1,0,-1,-1,-1,1,1,-1,1,-1,0,0,-1,-1,1,-1,-1,-1,-1,-1,1,-1,-1,1,-1,0,1,-1,-1,-1,-1,-1,0,-1,0,0,,,,,,,,,,,,,,,,,,,,,,,,,767
1,1,-1,1,-1,-1,-1,-1,1,-1,-1,0,-1,0,-1,-1,-1,1,1,-1,1,-1,0,0,-1,1,1,1,-1,1,-1,-1,1,-1,-1,1,1,-1,-1,-1,-1,-1,-1,-1,0,-1,0,0,,,,,,,,,,,,,,,,,,,,,,,,,1827
-1,1,1,1,-1,1,-1,-1,1,-1,-1,1,1,-1,-1,-1,-1,-1,-1,-1,0,-1,0,0,1,1,-1,1,-1,-1,-1,-1,1,-1,-1,0,-1,0,-1,1,-1,-1,-1,-1,1,-1,0,0,,,,,,,,,,,,,,,,,,,,,,,,,2663
1,1,-1,1,-1,-1,-1,-1,1,-1,-1,0,-1,0,-1,1,-1,-1,-1,-1,1,-1,0,0,-1,1,-1,1,-1,-1,-1,-1,1,-1,-1,-1,-1,0,-1,1,-1,-1,-1,-1,0,-1,0,0,,,,,,,,,,,,,,,,,,,,,,,,,2487
-1,-1,1,1,-1,-1,-1,1,-1,-1,-1,1,1,-1,-1,-1,-1,-1,-1,-1,0,-1,0,0,1,1,-1,1,-1,-1,-1,-1,1,-1,-1,0,-1,0,-1,-1,1,1,-1,-1,1,-1,0,0,,,,,,,,,,,,,,,,,,,,,,,,,9499
1,1,-1,1,-1,-1,-1,-1,1,-1,-1,0,-1,0,-1,-1,1,1,-1,-1,1,-1,0,0,-1,1,1,1,0,-1,-1,-1,1,-1,-1,1,1,-1,-1,0,0,-1,-1,-1,0,-1,0,0,,,,,,,,,,,,,,,,,,,,,,,,,6808
-1,1,1,1,0,-1,-1,-1,1,-1,-1,1,1,-1,-1,0,0,-1,-1,-1,0,-1,0,0,-1,-1,1,-1,-1,-1,-1,-1,-1,-1,-1,1,1,-1,-1,-1,-1,-1,-1,-1,0,-1,0,0,,,,,,,,,,,,,,,,,,,,,,,,,1310
1,1,-1,1,-1,-1,-1,-1,1,-1,-1,0,-1,0,-1,-1,1,1,-1,-1,1,-1,0,0,-1,-1,1,1,-1,-1,-1,1,-1,-1,-1,1,-1,0,1,-1,-1,-1,-1,-1,0,-1,0,0,,,,,,,,,,,,,,,,,,,,,,,,,59
-1,-1,1,1,-1,-1,-1,1,-1,-1,-1,1,-1,0,1,-1,-1,-1,-1,-1,0,-1,0,0,1,1,-1,1,-1,-1,-1,-1,1,-1,-1,0,-1,0,-1,-1,1,1,-1,-1,1,-1,0,0,,,,,,,,,,,,,,,,,,,,,,,,,158
-1,1,1,1,0,-1,-1,-1,1,-1,-1,1,1,-1,-1,0,0,-1,-1,-1,0,-1,0,0,1,1,-1,1,-1,-1,-1,-1,1,-1,-1,0,-1,0,-1,-1,-1,-1,-1,-1,1,-1,0,0,,,,,,,,,,,,,,,,,,,,,,,,,3521
1,1,-1,1,-1,-1,-1,-1,1,-1,-1,0,-1,0,-1,-1,-1,-1,-1,-1,1,-1,0,0,-1,-1,1,1,-1,-1,-1,1,1,-1,-1,1,1,-1,-1,-1,-1,-1,-1,-1,0,-1,0,0,,,,,,,,,,,,,,,,,,,,,,,,,272
-1,-1,1,1,-1,-1,-1,1,1,-1,-1,1,1,-1,-1,-1,-1,-1,-1,-1,0,-1,0,0,-1,-1,1,1,-1,-1,-1,1,-1,-1,-1,1,1,-1,-1,-1,-1,-1,-1,-1,0,-1,0,0,,,,,,,,,,,,,,,,,,,,,,,,,447
-1,1,1,-1,-1,-1,1,-1,1,-1,-1,1,1,-1,-1,-1,-1,-1,-1,-1,0,-1,0,0,-1,-1,1,1,-1,-1,-1,1,1,-1,-1,1,1,-1,-1,-1,-1,-1,-1,-1,0,-1,0,0,,,,,,,,,,,,,,,,,,,,,,,,,90
1,1,-1,1,-1,-1,-1,-1,1,-1,-1,0,-1,0,-1,-1,1,1,-1,-1,1,-1,0,0,1,1,-1,1,-1,-1,-1,-1,1,-1,-1,0,-1,0,-1,-1,1,-1,-1,-1,1,-1,0,0,,,,,,,,,,,,,,,,,,,,,,,,,94
-1,-1,1,1,-1,-1,-1,1,1,-1,-1,1,1,-1,-1,-1,-1,-1,-1,-1,0,-1,0,0,-1,1,1,1,0,-1,-1,-1,1,-1,-1,1,1,-1,-1,0,0,-1,-1,-1,0,-1,0,0,,,,,,,,,,,,,,,,,,,,,,,,,204
-1,1,1,1,0,-1,-1,-1,1,-1,-1,1,1,-1,-1,0,0,-1,-1,-1,0,-1,0,0,1,1,-1,1,-1,-1,-1,-1,1,-1,-1,0,-1,0,-1,-1,-1,1,1,-1,1,-1,0,0,,,,,,,,,,,,,,,,,,,,,,,,,573
1,1,-1,1,-1,-1,-1,-1,1,-1,-1,0,-1,0,-1,-1,-1,1,1,-1,1,-1,0,0,-1,1,1,-1,-1,-1,1,-1,1,-1,-1,1,1,-1,-1,-1,-1,-1,-1,-1,0,-1,0,0,,,,,,,,,,,,,,,,,,,,,,,,,2968
-1,1,1,-1,-1,-1,1,-1,1,-1,-1,1,1,-1,-1,-1,-1,-1,-1,-1,0,-1,0,0,-1,-1,1,1,-1,-1,-1,1,-1,-1,-1,1,1,-1,-1,-1,-1,-1,-1,-1,0,-1,0,0,,,,,,,,,,,,,,,,,,,,,,,,,1402
-1,-1,1,1,-1,-1,-1,1,-1,-1,-1,1,1,-1,-1,-1,-1,-1,-1,-1,0,-1,0,0,1,1,-1,1,-1,-1,-1,-1,1,-1,-1,0,-1,0,-1,-1,1,-1,-1,-1,1,-1,0,0,,,,,,,,,,,,,,,,,,,,,,,,,270
-1,1,1,-1,-1,-1,1,-1,1,-1,-1,1,1,-1,-1,-1,-1,-1,-1,-1,0,-1,0,0,1,1,-1,1,-1,-1,-1,-1,1,-1,-1,0,-1,0,-1,-1,1,1,-1,-1,1,-1,0,0,,,,,,,,,,,,,,,,,,,,,,,,,7179
-1,1,1,-1,-1,-1,1,-1,1,-1,-1,1,-1,0,1,-1,-1,-1,-1,-1,0,-1,0,0,-1,-1,1,1,-1,-1,-1,1,-1,-1,-1,1,1,-1,-1,-1,-1,-1,-1,-1,0,-1,0,0,,,,,,,,,,,,,,,,,,,,,,,,,3226
-1,1,1,-1,-1,-1,1,-1,1,-1,-1,1,-1,0,1,-1,-1,-1,-1,-1,0,-1,0,0,1,1,-1,1,-1,-1,-1,-1,1,-1,-1,0,-1,0,-1,1,-1,-1,-1,-1,1,-1,0,0,,,,,,,,,,,,,,,,,,,,,,,,,2729
1,1,-1,1,-1,-1,-1,-1,1,-1,-1,0,-1,0,-1,1,-1,-1,-1,-1,1,-1,0,0,-1,1,1,-1,-1,-1,1,-1,1,-1,-1,1,1,-1,-1,-1,-1,-1,-1,-1,0,-1,0,0,,,,,,,,,,,,,,,,,,,,,,,,,4170
1,1,-1,1,-1,-1,-1,-1,1,-1,-1,0,-1,0,-1,-1,1,1,-1,-1,1,-1,0,0,-1,1,1,-1,-1,-1,1,-1,1,-1,-1,1,1,-1,-1,-1,-1,-1,-1,-1,0,-1,0,0,,,,,,,,,,,,,,,,,,,,,,,,,2468
-1,-1,1,1,-1,-1,-1,1,-1,-1,-1,1,1,-1,-1,-1,-1,-1,-1,-1,0,-1,0,0,1,1,-1,1,-1,-1,-1,-1,1,-1,-1,0,-1,0,-1,-1,-1,1,1,-1,1,-1,0,0,,,,,,,,,,,,,,,,,,,,,,,,,2134
-1,-1,1,1,-1,-1,-1,1,-1,-1,-1,1,1,-1,-1,-1,-1,-1,-1,-1,0,-1,0,0,-1,1,1,-1,-1,-1,1,-1,1,-1,-1,1,1,-1,-1,-1,-1,-1,-1,-1,0,-1,0,0,,,,,,,,,,,,,,,,,,,,,,,,,3250
-1,1,1,1,-1,1,-1,-1,1,-1,-1,1,1,-1,-1,-1,-1,-1,-1,-1,0,-1,0,0,-1,1,1,1,-1,1,-1,-1,1,-1,-1,1,1,-1,-1,-1,-1,-1,-1,-1,0,-1,0,0,,,,,,,,,,,,,,,,,,,,,,,,,1203
-1,1,1,1,-1,1,-1,-1,1,-1,-1,1,1,-1,-1,-1,-1,-1,-1,-1,0,-1,0,0,-1,1,1,-1,-1,-1,1,-1,1,-1,-1,1,-1,0,1,-1,-1,-1,-1,-1,0,-1,0,0,,,,,,,,,,,,,,,,,,,,,,,,,17
-1,1,1,-1,-1,-1,1,-1,1,-1,-1,1,-1,0,1,-1,-1,-1,-1,-1,0,-1,0,0,1,1,-1,1,-1,-1,-1,-1,1,-1,-1,0,-1,0,-1,-1,-1,1,1,-1,1,-1,0,0,,,,,,,,,,,,,,,,,,,,,,,,,643
-1,1,1,1,0,-1,-1,-1,1,-1,-1,1,1,-1,-1,0,0,-1,-1,-1,0,-1,0,0,-1,1,1,1,0,-1,-1,-1,1,-1,-1,1,1,-1,-1,0,0,-1,-1,-1,0,-1,0,0,,,,,,,,,,,,,,,,,,,,,,,,,95
-1,-1,1,-1,-1,-1,-1,-1,1,-1,-1,1,-1,0,1,-1,-1,-1,-1,-1,0,-1,0,0,1,1,-1,1,-1,-1,-1,-1,1,-1,-1,0,-1,0,1,1,-1,1,1,-1,1,-1,0,0,,,,,,,,,,,,,,,,,,,,,,,,,1315
-1,-1,1,-1,-1,-1,-1,-1,1,-1,-1,1,-1,0,1,-1,-1,-1,-1,-1,0,-1,0,0,1,1,-1,1,-1,-1,-1,-1,1,-1,-1,0,-1,0,-1,-1,-1,1,1,-1,1,-1,0,0,,,,,,,,,,,,,,,,,,,,,,,,,492
1,1,-1,1,-1,-1,-1,-1,1,-1,-1,0,-1,0,-1,-1,-1,1,1,-1,1,-1,0,0,1,1,-1,1,-1,-1,-1,-1,1,-1,-1,0,-1,0,-1,-1,-1,1,1,-1,1,-1,0,0,,,,,,,,,,,,,,,,,,,,,,,,,10
1,1,-1,1,-1,-1,-1,-1,1,-1,-1,0,-1,0,-1,-1,-1,1,1,-1,1,-1,0,0,-1,-1,1,1,-1,-1,-1,1,1,-1,-1,1,1,-1,-1,-1,-1,-1,-1,-1,0,-1,0,0,,,,,,,,,,,,,,,,,,,,,,,,,236
-1,-1,1,1,-1,-1,-1,1,-1,-1,-1,1,1,-1,-1,-1,-1,-1,-1,-1,0,-1,0,0,-1,-1,1,-1,-1,-1,-1,-1,1,-1,-1,1,-1,0,1,-1,-1,-1,-1,-1,0,-1,0,0,,,,,,,,,,,,,,,,,,,,,,,,,1501
1,1,-1,1,-1,-1,-1,-1,1,-1,-1,0,-1,0,1,1,-1,1,1,-1,1,-1,0,0,-1,-1,1,-1,-1,-1,-1,-1,-1,-1,-1,1,1,-1,-1,-1,-1,-1,-1,-1,0,-1,0,0,,,,,,,,,,,,,,,,,,,,,,,,,5050
-1,-1,1,-1,-1,-1,-1,-1,-1,-1,-1,1,1,-1,-1,-1,-1,-1,-1,-1,0,-1,0,0,1,1,-1,1,-1,-1,-1,-1,1,-1,-1,0,-1,0,-1,1,-1,-1,-1,-1,1,-1,0,0,,,,,,,,,,,,,,,,,,,,,,,,,4714
1,1,-1,1,-1,-1,-1,-1,1,-1,-1,0,-1,0,-1,-1,1,1,-1,-1,1,-1,0,0,1,1,-1,1,-1,-1,-1,-1,1,-1,-1,0,-1,0,-1,-1,-1,1,1,-1,1,-1,0,0,,,,,,,,,,,,,,,,,,,,,,,,,86
-1,-1,1,-1,-1,-1,-1,-1,1,-1,-1,1,-1,0,1,-1,-1,-1,-1,-1,0,-1,0,0,1,1,-1,1,-1,-1,-1,-1,1,-1,-1,0,-1,0,-1,-1,1,-1,-1,-1,1,-1,0,0,,,,,,,,,,,,,,,,,,,,,,,,,89
1,1,-1,1,-1,-1,-1,-1,1,-1,-1,0,-1,0,-1,-1,1,-1,-1,-1,1,-1,0,0,-1,-1,1,-1,-1,-1,-1,-1,1,-1,-1,1,1,-1,-1,-1,-1,-1,-1,-1,0,-1,0,0,,,,,,,,,,,,,,,,,,,,,,,,,66
-1,-1,1,-1,-1,-1,-1,-1,1,-1,-1,1,1,-1,-1,-1,-1,-1,-1,-1,0,-1,0,0,-1,-1,1,1,-1,-1,-1,1,-1,-1,-1,1,1,-1,-1,-1,-1,-1,-1,-1,0,-1,0,0,,,,,,,,,,,,,,,,,,,,,,,,,598
-1,1,-1,1,-1,-1,-1,-1,1,-1,-1,-1,-1,0,-1,1,-1,-1,-1,-1,0,-1,0,0,1,1,-1,1,-1,-1,-1,-1,1,-1,-1,0,-1,0,-1,-1,-1,-1,-1,-1,1,-1,0,0,,,,,,,,,,,,,,,,,,,,,,,,,631
1,1,-1,1,-1,-1,-1,-1,1,-1,-1,0,-1,0,-1,-1,-1,-1,-1,-1,1,-1,0,0,-1,-1,1,1,-1,-1,-1,1,-1,-1,-1,1,1,-1,-1,-1,-1,-1,-1,-1,0,-1,0,0,,,,,,,,,,,,,,,,,,,,,,,,,5455
-1,-1,1,1,-1,-1,-1,1,-1,-1,-1,1,1,-1,-1,-1,-1,-1,-1,-1,0,-1,0,0,1,1,-1,1,-1,-1,-1,-1,1,-1,-1,0,-1,0,-1,-1,-1,-1,-1,-1,1,-1,0,0,,,,,,,,,,,,,,,,,,,,,,,,,6519
1,1,-1,1,-1,-1,-1,-1,1,-1,-1,0,-1,0,-1,-1,-1,-1,-1,-1,1,-1,0,0,-1,1,-1,1,-1,-1,-1,-1,1,-1,-1,-1,-1,0,-1,1,-1,-1,-1,-1,0,-1,0,0,,,,,,,,,,,,,,,,,,,,,,,,,6949
1,1,-1,1,-1,-1,-1,-1,1,-1,-1,0,-1,0,-1,-1,1,-1,-1,-1,1,-1,0,0,-1,-1,1,1,-1,-1,-1,1,-1,-1,-1,1,1,-1,-1,-1,-1,-1,-1,-1,0,-1,0,0,,,,,,,,,,,,,,,,,,,,,,,,,212
1,1,-1,1,-1,-1,-1,-1,1,-1,-1,0,-1,0,-1,-1,-1,-1,-1,-1,1,-1,0,0,-1,1,1,-1,-1,-1,1,-1,1,-1,-1,1,-1,0,1,-1,-1,-1,-1,-1,0,-1,0,0,,,,,,,,,,,,,,,,,,,,,,,,,996
-1,-1,1,-1,-1,-1,-1,-1,-1,-1,-1,-1,-1,0,-1,1,-1,1,-1,-1,0,-1,0,0,1,1,-1,1,-1,-1,-1,-1,1,-1,-1,0,-1,0,-1,-1,-1,-1,-1,-1,1,-1,0,0,,,,,,,,,,,,,,,,,,,,,,,,,382
1,1,-1,1,-1,-1,-1,-1,1,-1,-1,0,-1,0,-1,-1,-1,-1,-1,-1,1,-1,0,0,-1,1,1,-1,-1,-1,1,-1,1,-1,-1,1,1,-1,-1,-1,-1,-1,-1,-1,0,-1,0,0,,,,,,,,,,,,,,,,,,,,,,,,,824
-1,1,1,-1,-1,-1,1,-1,1,-1,-1,1,1,-1,-1,-1,-1,-1,-1,-1,0,-1,0,0,1,1,-1,1,-1,-1,-1,-1,1,-1,-1,0,-1,0,-1,-1,-1,-1,-1,-1,1,-1,0,0,,,,,,,,,,,,,,,,,,,,,,,,,1925
1,1,-1,1,-1,-1,-1,-1,1,-1,-1,0,-1,0,-1,-1,-1,-1,-1,-1,1,-1,0,0,-1,1,1,-1,-1,-1,1,-1,1,-1,-1,-1,-1,0,-1,1,-1,-1,-1,-1,0,-1,0,0,,,,,,,,,,,,,,,,,,,,,,,,,443
-1,1,1,-1,-1,-1,1,-1,1,-1,-1,-1,-1,0,-1,1,-1,-1,-1,-1,0,-1,0,0,-1,-1,1,1,-1,-1,-1,1,-1,-1,-1,-1,1,1,-1,-1,-1,-1,-1,-1,0,-1,0,0,,,,,,,,,,,,,,,,,,,,,,,,,62
-1,-1,1,1,-1,-1,-1,1,-1,-1,-1,-1,1,1,-1,-1,-1,-1,-1,-1,0,-1,0,0,-1,-1,1,-1,-1,-1,-1,-1,1,-1,-1,1,1,-1,-1,-1,-1,-1,-1,-1,0,-1,0,0,,,,,,,,,,,,,,,,,,,,,,,,,34
-1,1,1,-1,-1,-1,1,-1,1,-1,-1,-1,-1,0,-1,1,-1,-1,-1,-1,0,-1,0,0,1,1,-1,1,-1,-1,-1,-1,1,-1,-1,0,-1,0,-1,-1,1,1,-1,-1,1,-1,0,0,,,,,,,,,,,,,,,,,,,,,,,,,479
-1,1,1,-1,-1,-1,1,-1,1,-1,-1,1,-1,0,1,-1,-1,-1,-1,-1,0,-1,0,0,-1,1,1,-1,-1,-1,1,-1,1,-1,-1,1,1,-1,-1,-1,-1,-1,-1,-1,0,-1,0,0,,,,,,,,,,,,,,,,,,,,,,,,,526
-1,1,1,-1,-1,-1,1,-1,1,-1,-1,1,1,-1,-1,-1,-1,-1,-1,-1,0,-1,0,0,1,1,-1,1,-1,-1,-1,-1,1,-1,-1,0,-1,0,1,1,-1,1,1,-1,1,-1,0,0,,,,,,,,,,,,,,,,,,,,,,,,,8058
1,1,-1,1,-1,-1,-1,-1,1,-1,-1,0,-1,0,-1,-1,-1,1,1,-1,1,-1,0,0,-1,-1,1,1,-1,-1,-1,1,-1,-1,-1,1,1,-1,-1,-1,-1,-1,-1,-1,0,-1,0,0,,,,,,,,,,,,,,,,,,,,,,,,,2103
-1,-1,1,-1,-1,-1,-1,-1,1,-1,-1,1,-1,0,1,-1,-1,-1,-1,-1,0,-1,0,0,1,1,-1,1,-1,-1,-1,-1,1,-1,-1,0,-1,0,-1,-1,-1,-1,-1,-1,1,-1,0,0,,,,,,,,,,,,,,,,,,,,,,,,,3851
1,1,-1,1,-1,-1,-1,-1,1,-1,-1,0,-1,0,-1,-1,1,1,-1,-1,1,-1,0,0,1,1,-1,1,-1,-1,-1,-1,1,-1,-1,0,-1,0,1,1,-1,1,1,-1,1,-1,0,0,,,,,,,,,,,,,,,,,,,,,,,,,6677
1,1,-1,1,-1,-1,-1,-1,1,-1,-1,0,-1,0,1,1,-1,1,1,-1,1,-1,0,0,-1,1,1,1,0,-1,-1,-1,1,-1,-1,1,1,-1,-1,0,0,-1,-1,-1,0,-1,0,0,,,,,,,,,,,,,,,,,,,,,,,,,2949
1,1,-1,1,-1,-1,-1,-1,1,-1,-1,0,-1,0,-1,1,-1,-1,-1,-1,1,-1,0,0,1,1,-1,1,-1,-1,-1,-1,1,-1,-1,0,-1,0,-1,-1,1,1,-1,-1,1,-1,0,0,,,,,,,,,,,,,,,,,,,,,,,,,1186
1,1,-1,1,-1,-1,-1,-1,1,-1,-1,0,-1,0,-1,1,-1,-1,-1,-1,1,-1,0,0,-1,1,-1,1,0,-1,-1,-1,1,-1,-1,1,-1,0,1,0,0,-1,-1,-1,0,-1,0,0,,,,,,,,,,,,,,,,,,,,,,,,,3831
-1,1,-1,1,0,-1,-1,-1,1,-1,-1,1,-1,0,1,0,0,-1,-1,-1,0,-1,0,0,1,1,-1,1,-1,-1,-1,-1,1,-1,-1,0,-1,0,-1,-1,1,1,-1,-1,1,-1,0,0,,,,,,,,,,,,,,,,,,,,,,,,,6012
-1,1,1,1,-1,1,-1,-1,1,-1,-1,1,1,-1,-1,-1,-1,-1,-1,-1,0,-1,0,0,1,1,-1,1,-1,-1,-1,-1,1,-1,-1,0,-1,0,-1,-1,-1,1,1,-1,1,-1,0,0,,,,,,,,,,,,,,,,,,,,,,,,,510
1,1,-1,1,-1,-1,-1,-1,1,-1,-1,0,-1,0,-1,-1,-1,1,1,-1,1,-1,0,0,1,1,-1,1,-1,-1,-1,-1,1,-1,-1,0,-1,0,-1,-1,1,1,-1,-1,1,-1,0,0,,,,,,,,,,,,,,,,,,,,,,,,,160
-1,-1,1,1,-1,-1,-1,1,-1,-1,-1,1,1,-1,-1,-1,-1,-1,-1,-1,0,-1,0,0,-1,1,1,1,0,-1,-1,-1,1,-1,-1,1,1,-1,-1,0,0,-1,-1,-1,0,-1,0,0,,,,,,,,,,,,,,,,,,,,,,,,,497
-1,-1,1,-1,-1,-1,-1,-1,1,-1,-1,1,-1,0,1,-1,-1,-1,-1,-1,0,-1,0,0,1,1,-1,1,-1,-1,-1,-1,1,-1,-1,0,-1,0,-1,1,-1,-1,-1,-1,1,-1,0,0,,,,,,,,,,,,,,,,,,,,,,,,,724
1,1,-1,1,-1,-1,-1,-1,1,-1,-1,0,-1,0,-1,-1,1,1,-1,-1,1,-1,0,0,-1,-1,1,1,-1,-1,-1,1,1,-1,-1,1,1,-1,-1,-1,-1,-1,-1,-1,0,-1,0,0,,,,,,,,,,,,,,,,,,,,,,,,,770
1,1,-1,1,-1,-1,-1,-1,1,-1,-1,0,-1,0,-1,-1,1,1,-1,-1,1,-1,0,0,-1,-1,1,-1,-1,-1,-1,-1,-1,-1,-1,1,1,-1,-1,-1,-1,-1,-1,-1,0,-1,0,0,,,,,,,,,,,,,,,,,,,,,,,,,10038
-1,1,-1,1,-1,-1,-1,-1,1,-1,-1,-1,-1,0,-1,1,-1,-1,-1,-1,0,-1,0,0,1,1,-1,1,-1,-1,-1,-1,1,-1,-1,0,-1,0,-1,-1,-1,1,1,-1,1,-1,0,0,,,,,,,,,,,,,,,,,,,,,,,,,281
1,1,-1,1,-1,-1,-1,-1,1,-1,-1,0,-1,0,-1,-1,-1,1,1,-1,1,-1,0,0,-1,1,1,1,0,-1,-1,-1,1,-1,-1,1,1,-1,-1,0,0,-1,-1,-1,0,-1,0,0,,,,,,,,,,,,,,,,,,,,,,,,,3503
-1,-1,1,1,-1,-1,-1,1,-1,-1,-1,1,1,-1,-1,-1,-1,-1,-1,-1,0,-1,0,0,-1,1,1,1,-1,-1,-1,-1,-1,-1,-1,-1,-1,0,-1,-1,-1,1,-1,-1,0,-1,0,0,,,,,,,,,,,,,,,,,,,,,,,,,147
-1,1,1,1,-1,-1,-1,-1,-1,-1,-1,-1,-1,0,-1,-1,-1,1,-1,-1,0,-1,0,0,1,1,-1,1,-1,-1,-1,-1,1,-1,-1,0,-1,0,-1,-1,1,1,-1,-1,1,-1,0,0,,,,,,,,,,,,,,,,,,,,,,,,,47
1,1,-1,1,-1,-1,-1,-1,1,-1,-1,0,-1,0,-1,-1,1,1,-1,-1,1,-1,0,0,1,1,-1,1,-1,-1,-1,-1,1,-1,-1,0,-1,0,-1,-1,-1,-1,-1,-1,1,-1,0,0,,,,,,,,,,,,,,,,,,,,,,,,,580
-1,-1,1,1,-1,-1,-1,1,1,-1,-1,1,1,-1,-1,-1,-1,-1,-1,-1,0,-1,0,0,1,1,-1,1,-1,-1,-1,-1,1,-1,-1,0,-1,0,-1,-1,-1,-1,-1,-1,1,-1,0,0,,,,,,,,,,,,,,,,,,,,,,,,,3308
1,1,-1,1,-1,-1,-1,-1,1,-1,-1,0,-1,0,-1,-1,-1,-1,-1,-1,1,-1,0,0,-1,-1,1,-1,-1,-1,-1,-1,-1,-1,-1,1,1,-1,-1,-1,-1,-1,-1,-1,0,-1,0,0,,,,,,,,,,,,,,,,,,,,,,,,,4108
-1,1,1,1,-1,-1,-1,-1,-1,-1,-1,-1,-1,0,-1,-1,-1,1,-1,-1,0,-1,0,0,1,1,-1,1,-1,-1,-1,-1,1,-1,-1,0,-1,0,-1,1,-1,-1,-1,-1,1,-1,0,0,,,,,,,,,,,,,,,,,,,,,,,,,50
-1,-1,1,1,-1,-1,-1,1,-1,-1,-1,1,1,-1,-1,-1,-1,-1,-1,-1,0,-1,0,0,-1,1,1,-1,-1,-1,1,-1,1,-1,-1,1,-1,0,1,-1,-1,-1,-1,-1,0,-1,0,0,,,,,,,,,,,,,,,,,,,,,,,,,2287
-1,1,1,-1,-1,-1,1,-1,1,-1,-1,1,-1,0,1,-1,-1,-1,-1,-1,0,-1,0,0,-1,-1,1,-1,-1,-1,-1,-1,1,-1,-1,1,-1,0,1,-1,-1,-1,-1,-1,0,-1,0,0,,,,,,,,,,,,,,,,,,,,,,,,,530
1,1,-1,1,-1,-1,-1,-1,1,-1,-1,0,-1,0,-1,1,-1,-1,-1,-1,1,-1,0,0,-1,1,1,1,0,1,-1,-1,1,-1,-1,-1,1,1,-1,1,-1,-1,-1,-1,0,-1,0,0,,,,,,,,,,,,,,,,,,,,,,,,,1273
-1,1,1,1,0,1,-1,-1,1,-1,-1,-1,1,1,-1,1,-1,-1,-1,-1,0,-1,0,0,1,1,-1,1,-1,-1,-1,-1,1,-1,-1,0,-1,0,-1,-1,-1,1,1,-1,1,-1,0,0,,,,,,,,,,,,,,,,,,,,,,,,,10
-1,1,-1,1,0,-1,-1,-1,1,-1,-1,1,-1,0,1,0,0,-1,-1,-1,0,-1,0,0,1,1,-1,1,-1,-1,-1,-1,1,-1,-1,0,-1,0,-1,-1,-1,-1,-1,-1,1,-1,0,0,,,,,,,,,,,,,,,,,,,,,,,,,2448
1,1,-1,1,-1,-1,-1,-1,1,-1,-1,0,-1,0,-1,-1,-1,-1,-1,-1,1,-1,0,0,-1,1,1,1,0,-1,-1,-1,1,-1,-1,1,1,-1,-1,0,0,-1,-1,-1,0,-1,0,0,,,,,,,,,,,,,,,,,,,,,,,,,870
-1,1,1,1,0,-1,-1,-1,1,-1,-1,1,1,-1,-1,0,0,-1,-1,-1,0,-1,0,0,-1,-1,1,-1,-1,-1,-1,-1,1,-1,-1,1,1,-1,-1,-1,-1,-1,-1,-1,0,-1,0,0,,,,,,,,,,,,,,,,,,,,,,,,,1695
1,1,-1,1,-1,-1,-1,-1,1,-1,-1,0,-1,0,-1,-1,-1,-1,-1,-1,1,-1,0,0,1,1,-1,1,-1,-1,-1,-1,1,-1,-1,0,-1,0,-1,1,-1,-1,-1,-1,1,-1,0,0,,,,,,,,,,,,,,,,,,,,,,,,,11855
1,1,-1,1,-1,-1,-1,-1,1,-1,-1,0,-1,0,-1,1,-1,-1,-1,-1,1,-1,0,0,-1,-1,1,-1,-1,-1,-1,-1,1,-1,-1,1,-1,0,1,-1,-1,-1,-1,-1,0,-1,0,0,,,,,,,,,,,,,,,,,,,,,,,,,3575
-1,-1,1,1,-1,-1,-1,1,-1,-1,-1,1,1,-1,-1,-1,-1,-1,-1,-1,0,-1,0,0,-1,1,1,1,-1,1,-1,-1,1,-1,-1,1,1,-1,-1,-1,-1,-1,-1,-1,0,-1,0,0,,,,,,,,,,,,,,,,,,,,,,,,,2005
1,1,-1,1,-1,-1,-1,-1,1,-1,-1,0,-1,0,-1,1,-1,-1,-1,-1,1,-1,0,0,-1,-1,1,-1,-1,-1,-1,-1,-1,-1,-1,-1,-1,0,-1,1,-1,1,-1,-1,0,-1,0,0,,,,,,,,,,,,,,,,,,,,,,,,,4980
-1,1,1,1,-1,-1,-1,-1,-1,-1,-1,-1,-1,0,-1,-1,-1,1,-1,-1,0,-1,0,0,1,1,-1,1,-1,-1,-1,-1,1,-1,-1,0,-1,0,-1,-1,-1,1,1,-1,1,-1,0,0,,,,,,,,,,,,,,,,,,,,,,,,,6
-1,1,1,-1,-1,-1,1,-1,1,-1,-1,1,1,-1,-1,-1,-1,-1,-1,-1,0,-1,0,0,1,1,-1,1,-1,-1,-1,-1,1,-1,-1,0,-1,0,-1,1,-1,-1,-1,-1,1,-1,0,0,,,,,,,,,,,,,,,,,,,,,,,,,3808
1,1,-1,1,-1,-1,-1,-1,1,-1,-1,0,-1,0,-1,1,-1,-1,-1,-1,1,-1,0,0,-1,-1,1,-1,-1,-1,-1,-1,-1,-1,-1,1,-1,0,1,-1,-1,-1,-1,-1,0,-1,0,0,,,,,,,,,,,,,,,,,,,,,,,,,1869
-1,-1,1,-1,-1,-1,-1,-1,-1,-1,-1,1,-1,0,1,-1,-1,-1,-1,-1,0,-1,0,0,1,1,-1,1,-1,-1,-1,-1,1,-1,-1,0,-1,0,-1,-1,-1,-1,-1,-1,1,-1,0,0,,,,,,,,,,,,,,,,,,,,,,,,,1391
1,1,-1,1,-1,-1,-1,-1,1,-1,-1,0,-1,0,-1,-1,1,1,-1,-1,1,-1,0,0,-1,1,1,1,0,1,-1,-1,1,-1,-1,-1,1,1,-1,1,-1,-1,-1,-1,0,-1,0,0,,,,,,,,,,,,,,,,,,,,,,,,,874
-1,1,1,1,0,1,-1,-1,1,-1,-1,-1,1,1,-1,1,-1,-1,-1,-1,0,-1,0,0,1,1,-1,1,-1,-1,-1,-1,1,-1,-1,0,-1,0,-1,-1,1,1,-1,-1,1,-1,0,0,,,,,,,,,,,,,,,,,,,,,,,,,1241
1,1,-1,1,-1,-1,-1,-1,1,-1,-1,0,-1,0,-1,1,-1,-1,-1,-1,1,-1,0,0,1,1,-1,1,-1,-1,-1,-1,1,-1,-1,0,-1,0,-1,-1,-1,-1,-1,-1,1,-1,0,0,,,,,,,,,,,,,,,,,,,,,,,,,447
1,1,-1,1,-1,-1,-1,-1,1,-1,-1,0,-1,0,-1,-1,-1,-1,-1,-1,1,-1,0,0,-1,1,1,1,0,1,-1,-1,1,-1,-1,-1,1,1,-1,1,-1,-1,-1,-1,0,-1,0,0,,,,,,,,,,,,,,,,,,,,,,,,,1277
-1,1,1,1,0,1,-1,-1,1,-1,-1,-1,1,1,-1,1,-1,-1,-1,-1,0,-1,0,0,-1,-1,1,1,-1,-1,-1,1,-1,-1,-1,1,1,-1,-1,-1,-1,-1,-1,-1,0,-1,0,0,,,,,,,,,,,,,,,,,,,,,,,,,506
-1,-1,1,1,-1,-1,-1,1,1,-1,-1,1,1,-1,-1,-1,-1,-1,-1,-1,0,-1,0,0,1,1,-1,1,-1,-1,-1,-1,1,-1,-1,0,-1,0,-1,-1,-1,1,1,-1,1,-1,0,0,,,,,,,,,,,,,,,,,,,,,,,,,54
-1,-1,1,1,-1,-1,-1,1,-1,-1,-1,1,1,-1,-1,-1,-1,-1,-1,-1,0,-1,0,0,-1,-1,1,1,-1,-1,-1,1,1,-1,-1,1,1,-1,-1,-1,-1,-1,-1,-1,0,-1,0,0,,,,,,,,,,,,,,,,,,,,,,,,,368
1,1,-1,1,-1,-1,-1,-1,1,-1,-1,0,-1,0,-1,1,-1,-1,-1,-1,1,-1,0,0,1,1,-1,1,-1,-1,-1,-1,1,-1,-1,0,-1,0,1,1,-1,1,1,-1,1,-1,0,0,,,,,,,,,,,,,,,,,,,,,,,,,1079
1,1,-1,1,-1,-1,-1,-1,1,-1,-1,0,-1,0,-1,-1,-1,-1,-1,-1,1,-1,0,0,-1,1,1,1,-1,1,-1,-1,1,-1,-1,1,1,-1,-1,-1,-1,-1,-1,-1,0,-1,0,0,,,,,,,,,,,,,,,,,,,,,,,,,911
-1,-1,1,-1,-1,-1,-1,-1,-1,-1,-1,-1,-1,0,-1,1,-1,1,-1,-1,0,-1,0,0,1,1,-1,1,-1,-1,-1,-1,1,-1,-1,0,-1,0,-1,1,-1,-1,-1,-1,1,-1,0,0,,,,,,,,,,,,,,,,,,,,,,,,,751
-1,1,1,1,0,-1,-1,-1,1,-1,-1,1,1,-1,-1,0,0,-1,-1,-1,0,-1,0,0,-1,-1,1,1,-1,-1,-1,1,-1,-1,-1,1,1,-1,-1,-1,-1,-1,-1,-1,0,-1,0,0,,,,,,,,,,,,,,,,,,,,,,,,,1967
-1,-1,1,-1,-1,-1,-1,-1,1,-1,-1,1,1,-1,-1,-1,-1,-1,-1,-1,0,-1,0,0,1,1,-1,1,-1,-1,-1,-1,1,-1,-1,0,-1,0,-1,-1,-1,1,1,-1,1,-1,0,0,,,,,,,,,,,,,,,,,,,,,,,,,672
1,1,-1,1,-1,-1,-1,-1,1,-1,-1,0,-1,0,-1,-1,-1,1,1,-1,1,-1,0,0,-1,-1,1,-1,-1,-1,-1,-1,-1,-1,-1,-1,-1,0,-1,1,-1,1,-1,-1,0,-1,0,0,,,,,,,,,,,,,,,,,,,,,,,,,2312
1,1,-1,1,-1,-1,-1,-1,1,-1,-1,0,-1,0,-1,-1,1,-1,-1,-1,1,-1,0,0,-1,1,1,1,-1,1,-1,-1,1,-1,-1,1,1,-1,-1,-1,-1,-1,-1,-1,0,-1,0,0,,,,,,,,,,,,,,,,,,,,,,,,,667
-1,1,1,1,-1,1,-1,-1,1,-1,-1,1,1,-1,-1,-1,-1,-1,-1,-1,0,-1,0,0,1,1,-1,1,-1,-1,-1,-1,1,-1,-1,0,-1,0,-1,-1,-1,-1,-1,-1,1,-1,0,0,,,,,,,,,,,,,,,,,,,,,,,,,2447
1,1,-1,1,-1,-1,-1,-1,1,-1,-1,0,-1,0,-1,-1,-1,-1,-1,-1,1,-1,0,0,1,1,-1,1,-1,-1,-1,-1,1,-1,-1,0,-1,0,-1,-1,1,1,-1,-1,1,-1,0,0,,,,,,,,,,,,,,,,,,,,,,,,,284
1,1,-1,1,-1,-1,-1,-1,1,-1,-1,0,-1,0,1,1,-1,1,1,-1,1,-1,0,0,-1,-1,1,-1,-1,-1,-1,-1,-1,-1,-1,1,-1,0,1,-1,-1,-1,-1,-1,0,-1,0,0,,,,,,,,,,,,,,,,,,,,,,,,,2238
-1,-1,1,-1,-1,-1,-1,-1,-1,-1,-1,1,-1,0,1,-1,-1,-1,-1,-1,0,-1,0,0,-1,-1,1,1,-1,-1,-1,1,-1,-1,-1,1,1,-1,-1,-1,-1,-1,-1,-1,0,-1,0,0,,,,,,,,,,,,,,,,,,,,,,,,,529
-1,-1,1,1,-1,-1,-1,1,-1,-1,-1,1,1,-1,-1,-1,-1,-1,-1,-1,0,-1,0,0,-1,1,-1,1,0,-1,-1,-1,1,-1,-1,1,-1,0,1,0,0,-1,-1,-1,0,-1,0,0,,,,,,,,,,,,,,,,,,,,,,,,,2353
1,1,-1,1,-1,-1,-1,-1,1,-1,-1,0,-1,0,-1,1,-1,-1,-1,-1,1,-1,0,0,-1,1,1,1,0,-1,-1,-1,1,-1,-1,1,1,-1,-1,0,0,-1,-1,-1,0,-1,0,0,,,,,,,,,,,,,,,,,,,,,,,,,4284
1,1,-1,1,-1,-1,-1,-1,1,-1,-1,0,-1,0,1,1,-1,1,1,-1,1,-1,0,0,-1,-1,1,-1,-1,-1,-1,-1,-1,-1,-1,-1,-1,0,-1,1,-1,1,-1,-1,0,-1,0,0,,,,,,,,,,,,,,,,,,,,,,,,,2697
-1,-1,1,1,-1,-1,-1,1,-1,-1,-1,1,1,-1,-1,-1,-1,-1,-1,-1,0,-1,0,0,-1,-1,1,-1,-1,-1,-1,-1,-1,-1,-1,1,-1,0,1,-1,-1,-1,-1,-1,0,-1,0,0,,,,,,,,,,,,,,,,,,,,,,,,,3410
-1,-1,1,-1,-1,-1,-1,-1,-1,-1,-1,1,-1,0,1,-1,-1,-1,-1,-1,0,-1,0,0,1,1,-1,1,-1,-1,-1,-1,1,-1,-1,0,-1,0,-1,1,-1,-1,-1,-1,1,-1,0,0,,,,,,,,,,,,,,,,,,,,,,,,,3056
1,1,-1,1,-1,-1,-1,-1,1,-1,-1,0,-1,0,-1,1,-1,-1,-1,-1,1,-1,0,0,-1,-1,1,-1,-1,-1,-1,-1,-1,-1,-1,1,1,-1,-1,-1,-1,-1,-1,-1,0,-1,0,0,,,,,,,,,,,,,,,,,,,,,,,,,9245
-1,-1,1,-1,-1,-1,-1,-1,1,-1,-1,1,1,-1,-1,-1,-1,-1,-1,-1,0,-1,0,0,-1,1,-1,1,0,-1,-1,-1,1,-1,-1,1,-1,0,1,0,0,-1,-1,-1,0,-1,0,0,,,,,,,,,,,,,,,,,,,,,,,,,196
-1,1,-1,1,0,-1,-1,-1,1,-1,-1,1,-1,0,1,0,0,-1,-1,-1,0,-1,0,0,1,1,-1,1,-1,-1,-1,-1,1,-1,-1,0,-1,0,1,1,-1,-1,1,-1,1,-1,0,0,,,,,,,,,,,,,,,,,,,,,,,,,1209
1,1,-1,1,-1,-1,-1,-1,1,-1,-1,0,-1,0,1,1,-1,-1,1,-1,1,-1,0,0,-1,-1,1,1,-1,-1,-1,1,-1,-1,-1,1,1,-1,-1,-1,-1,-1,-1,-1,0,-1,0,0,,,,,,,,,,,,,,,,,,,,,,,,,4049
1,1,-1,1,-1,-1,-1,-1,1,-1,-1,0,-1,0,1,1,-1,1,1,-1,1,-1,0,0,1,1,-1,1,-1,-1,-1,-1,1,-1,-1,0,-1,0,-1,-1,1,1,-1,-1,1,-1,0,0,,,,,,,,,,,,,,,,,,,,,,,,,898
-1,-1,1,1,-1,-1,-1,1,1,-1,-1,1,1,-1,-1,-1,-1,-1,-1,-1,0,-1,0,0,-1,-1,1,-1,-1,-1,-1,-1,1,-1,-1,1,1,-1,-1,-1,-1,-1,-1,-1,0,-1,0,0,,,,,,,,,,,,,,,,,,,,,,,,,456
-1,-1,1,-1,-1,-1,-1,-1,-1,-1,-1,1,1,-1,-1,-1,-1,-1,-1,-1,0,-1,0,0,-1,-1,1,1,-1,-1,-1,1,-1,-1,-1,-1,1,1,-1,-1,-1,-1,-1,-1,0,-1,0,0,,,,,,,,,,,,,,,,,,,,,,,,,274
-1,-1,1,1,-1,-1,-1,1,-1,-1,-1,-1,1,1,-1,-1,-1,-1,-1,-1,0,-1,0,0,1,1,-1,1,-1,-1,-1,-1,1,-1,-1,0,-1,0,-1,-1,-1,-1,-1,-1,1,-1,0,0,,,,,,,,,,,,,,,,,,,,,,,,,159
-1,-1,1,-1,-1,-1,-1,-1,-1,-1,-1,1,1,-1,-1,-1,-1,-1,-1,-1,0,-1,0,0,-1,1,1,1,0,-1,-1,-1,1,-1,-1,1,1,-1,-1,0,0,-1,-1,-1,0,-1,0,0,,,,,,,,,,,,,,,,,,,,,,,,,1213
-1,-1,1,-1,-1,-1,-1,-1,-1,-1,-1,1,-1,0,1,-1,-1,-1,-1,-1,0,-1,0,0,1,1,-1,1,-1,-1,-1,-1,1,-1,-1,0,-1,0,-1,-1,1,1,-1,-1,1,-1,0,0,,,,,,,,,,,,,,,,,,,,,,,,,6522
-1,-1,1,-1,-1,-1,-1,-1,-1,-1,-1,1,1,-1,-1,-1,-1,-1,-1,-1,0,-1,0,0,-1,-1,1,-1,-1,-1,-1,-1,-1,-1,-1,1,-1,0,1,-1,-1,-1,-1,-1,0,-1,0,0,,,,,,,,,,,,,,,,,,,,,,,,,793
-1,-1,1,-1,-1,-1,-1,-1,1,-1,-1,1,1,-1,-1,-1,-1,-1,-1,-1,0,-1,0,0,-1,-1,1,1,-1,-1,-1,1,1,-1,-1,-1,1,-1,-1,-1,-1,-1,-1,-1,0,-1,0,0,,,,,,,,,,,,,,,,,,,,,,,,,34
-1,-1,1,1,-1,-1,-1,1,1,-1,-1,-1,1,-1,-1,-1,-1,-1,-1,-1,0,-1,0,0,1,1,-1,1,-1,-1,-1,-1,1,-1,-1,0,-1,0,1,1,-1,1,1,-1,1,-1,0,0,,,,,,,,,,,,,,,,,,,,,,,,,28
-1,-1,1,1,-1,-1,-1,1,1,-1,-1,1,1,-1,-1,-1,-1,-1,-1,-1,0,-1,0,0,-1,-1,1,-1,-1,-1,-1,-1,1,-1,-1,1,-1,0,1,-1,-1,-1,-1,-1,0,-1,0,0,,,,,,,,,,,,,,,,,,,,,,,,,137
1,1,-1,1,-1,-1,-1,-1,1,-1,-1,0,-1,0,-1,1,-1,-1,-1,-1,1,-1,0,0,1,1,-1,1,-1,-1,-1,-1,1,-1,-1,0,-1,0,-1,1,-1,-1,-1,-1,1,-1,0,0,,,,,,,,,,,,,,,,,,,,,,,,,1013
1,1,-1,1,-1,-1,-1,-1,1,-1,-1,0,-1,0,1,1,-1,1,1,-1,1,-1,0,0,1,1,-1,1,-1,-1,-1,-1,1,-1,-1,0,-1,0,1,1,-1,1,1,-1,1,-1,0,0,,,,,,,,,,,,,,,,,,,,,,,,,1491
-1,1,1,-1,-1,-1,1,-1,1,-1,-1,1,1,-1,-1,-1,-1,-1,-1,-1,0,-1,0,0,-1,1,1,-1,-1,-1,1,-1,1,-1,-1,1,1,-1,-1,-1,-1,-1,-1,-1,0,-1,0,0,,,,,,,,,,,,,,,,,,,,,,,,,597
-1,-1,1,1,-1,-1,-1,1,1,-1,-1,1,1,-1,-1,-1,-1,-1,-1,-1,0,-1,0,0,-1,-1,1,-1,-1,-1,-1,-1,-1,-1,-1,-1,-1,0,-1,1,-1,1,-1,-1,0,-1,0,0,,,,,,,,,,,,,,,,,,,,,,,,,308
1,1,-1,1,-1,-1,-1,-1,1,-1,-1,0,-1,0,1,1,-1,1,1,-1,1,-1,0,0,-1,1,1,-1,-1,-1,1,-1,1,-1,-1,1,-1,0,1,-1,-1,-1,-1,-1,0,-1,0,0,,,,,,,,,,,,,,,,,,,,,,,,,4549
-1,1,1,1,0,-1,-1,-1,1,-1,-1,1,1,-1,-1,0,0,-1,-1,-1,0,-1,0,0,-1,1,-1,1,-1,-1,-1,-1,1,-1,-1,-1,-1,0,-1,1,-1,-1,-1,-1,0,-1,0,0,,,,,,,,,,,,,,,,,,,,,,,,,806
-1,1,1,-1,-1,-1,1,-1,1,-1,-1,1,-1,0,1,-1,-1,-1,-1,-1,0,-1,0,0,-1,-1,1,1,-1,-1,-1,1,-1,-1,-1,-1,1,1,-1,-1,-1,-1,-1,-1,0,-1,0,0,,,,,,,,,,,,,,,,,,,,,,,,,70
-1,-1,1,1,-1,-1,-1,1,-1,-1,-1,-1,1,1,-1,-1,-1,-1,-1,-1,0,-1,0,0,1,1,-1,1,-1,-1,-1,-1,1,-1,-1,0,-1,0,-1,-1,-1,1,1,-1,1,-1,0,0,,,,,,,,,,,,,,,,,,,,,,,,,693
-1,-1,1,-1,-1,-1,-1,-1,1,-1,-1,1,1,-1,-1,-1,-1,-1,-1,-1,0,-1,0,0,-1,1,-1,1,-1,-1,-1,-1,1,-1,-1,-1,-1,0,-1,1,-1,-1,-1,-1,0,-1,0,0,,,,,,,,,,,,,,,,,,,,,,,,,742
-1,-1,1,-1,-1,-1,-1,-1,-1,-1,-1,1,1,-1,-1,-1,-1,-1,-1,-1,0,-1,0,0,1,1,-1,1,-1,-1,-1,-1,1,-1,-1,0,-1,0,-1,-1,-1,-1,-1,-1,1,-1,0,0,,,,,,,,,,,,,,,,,,,,,,,,,4502
-1,1,1,1,0,-1,-1,-1,1,-1,-1,1,1,-1,-1,0,0,-1,-1,-1,0,-1,0,0,1,1,-1,1,-1,-1,-1,-1,1,-1,-1,0,-1,0,1,1,-1,-1,1,-1,1,-1,0,0,,,,,,,,,,,,,,,,,,,,,,,,,796
1,1,-1,1,-1,-1,-1,-1,1,-1,-1,0,-1,0,1,1,-1,-1,1,-1,1,-1,0,0,-1,1,1,-1,-1,-1,1,-1,1,-1,-1,1,1,-1,-1,-1,-1,-1,-1,-1,0,-1,0,0,,,,,,,,,,,,,,,,,,,,,,,,,2032
-1,-1,1,-1,-1,-1,-1,-1,-1,-1,-1,1,-1,0,1,-1,-1,-1,-1,-1,0,-1,0,0,1,1,-1,1,-1,-1,-1,-1,1,-1,-1,0,-1,0,1,1,-1,1,1,-1,1,-1,0,0,,,,,,,,,,,,,,,,,,,,,,,,,1923
-1,-1,1,-1,-1,-1,-1,-1,-1,-1,-1,1,-1,0,1,-1,-1,-1,-1,-1,0,-1,0,0,1,1,-1,1,-1,-1,-1,-1,1,-1,-1,0,-1,0,1,1,-1,-1,1,-1,1,-1,0,0,,,,,,,,,,,,,,,,,,,,,,,,,476
1,1,-1,1,-1,-1,-1,-1,1,-1,-1,0,-1,0,1,1,-1,-1,1,-1,1,-1,0,0,-1,1,1,1,0,-1,-1,-1,1,-1,-1,1,1,-1,-1,0,0,-1,-1,-1,0,-1,0,0,,,,,,,,,,,,,,,,,,,,,,,,,475
-1,1,1,1,0,-1,-1,-1,1,-1,-1,1,1,-1,-1,0,0,-1,-1,-1,0,-1,0,0,-1,1,1,-1,-1,-1,1,-1,1,-1,-1,1,-1,0,1,-1,-1,-1,-1,-1,0,-1,0,0,,,,,,,,,,,,,,,,,,,,,,,,,746
1,1,-1,1,-1,-1,-1,-1,1,-1,-1,0,-1,0,-1,1,-1,-1,-1,-1,1,-1,0,0,-1,-1,1,1,-1,-1,-1,1,-1,-1,-1,-1,1,1,-1,-1,-1,-1,-1,-1,0,-1,0,0,,,,,,,,,,,,,,,,,,,,,,,,,1235
-1,-1,1,1,-1,-1,-1,1,-1,-1,-1,-1,1,1,-1,-1,-1,-1,-1,-1,0,-1,0,0,1,1,-1,1,-1,-1,-1,-1,1,-1,-1,0,-1,0,1,1,-1,1,1,-1,1,-1,0,0,,,,,,,,,,,,,,,,,,,,,,,,,1565
-1,-1,1,-1,-1,-1,-1,-1,1,-1,-1,1,1,-1,-1,-1,-1,-1,-1,-1,0,-1,0,0,-1,1,1,1,0,-1,-1,-1,1,-1,-1,1,1,-1,-1,0,0,-1,-1,-1,0,-1,0,0,,,,,,,,,,,,,,,,,,,,,,,,,600
1,1,-1,1,-1,-1,-1,-1,1,-1,-1,0,-1,0,-1,-1,-1,1,1,-1,1,-1,0,0,-1,1,-1,1,-1,-1,-1,-1,1,-1,-1,-1,-1,0,-1,1,-1,-1,-1,-1,0,-1,0,0,,,,,,,,,,,,,,,,,,,,,,,,,5252
1,1,-1,1,-1,-1,-1,-1,1,-1,-1,0,-1,0,-1,-1,1,1,-1,-1,1,-1,0,0,-1,-1,1,-1,-1,-1,-1,-1,1,-1,-1,-1,-1,0,-1,1,-1,1,-1,-1,0,-1,0,0,,,,,,,,,,,,,,,,,,,,,,,,,1395
-1,-1,1,-1,-1,-1,-1,-1,1,-1,-1,-1,-1,0,-1,1,-1,1,-1,-1,0,-1,0,0,1,1,-1,1,-1,-1,-1,-1,1,-1,-1,0,-1,0,1,1,-1,1,1,-1,1,-1,0,0,,,,,,,,,,,,,,,,,,,,,,,,,2870
-1,-1,1,-1,-1,-1,-1,-1,1,-1,-1,1,-1,0,1,-1,-1,-1,-1,-1,0,-1,0,0,1,1,-1,1,-1,-1,-1,-1,1,-1,-1,0,-1,0,1,1,-1,-1,1,-1,1,-1,0,0,,,,,,,,,,,,,,,,,,,,,,,,,1007
1,1,-1,1,-1,-1,-1,-1,1,-1,-1,0,-1,0,1,1,-1,-1,1,-1,1,-1,0,0,1,1,-1,1,-1,-1,-1,-1,1,-1,-1,0,-1,0,1,1,-1,1,1,-1,1,-1,0,0,,,,,,,,,,,,,,,,,,,,,,,,,4743
1,1,-1,1,-1,-1,-1,-1,1,-1,-1,0,-1,0,-1,1,-1,-1,-1,-1,1,-1,0,0,-1,-1,1,-1,-1,-1,-1,-1,1,-1,-1,-1,-1,0,-1,1,-1,1,-1,-1,0,-1,0,0,,,,,,,,,,,,,,,,,,,,,,,,,2850
-1,-1,1,-1,-1,-1,-1,-1,1,-1,-1,-1,-1,0,-1,1,-1,1,-1,-1,0,-1,0,0,-1,-1,1,1,-1,-1,-1,1,-1,-1,-1,1,1,-1,-1,-1,-1,-1,-1,-1,0,-1,0,0,,,,,,,,,,,,,,,,,,,,,,,,,887
1,1,-1,1,-1,-1,-1,-1,1,-1,-1,0,-1,0,1,1,-1,-1,1,-1,1,-1,0,0,-1,-1,1,-1,-1,-1,-1,-1,1,-1,-1,1,-1,0,1,-1,-1,-1,-1,-1,0,-1,0,0,,,,,,,,,,,,,,,,,,,,,,,,,233
-1,1,1,1,0,1,-1,-1,1,-1,-1,-1,1,1,-1,1,-1,-1,-1,-1,0,-1,0,0,-1,-1,1,-1,-1,-1,-1,-1,-1,-1,-1,1,1,-1,-1,-1,-1,-1,-1,-1,0,-1,0,0,,,,,,,,,,,,,,,,,,,,,,,,,363
-1,-1,1,-1,-1,-1,-1,-1,-1,-1,-1,1,1,-1,-1,-1,-1,-1,-1,-1,0,-1,0,0,-1,-1,1,-1,-1,-1,-1,-1,1,-1,-1,-1,-1,0,-1,1,-1,1,-1,-1,0,-1,0,0,,,,,,,,,,,,,,,,,,,,,,,,,676
-1,-1,1,-1,-1,-1,-1,-1,-1,-1,-1,-1,-1,0,-1,1,-1,1,-1,-1,0,-1,0,0,-1,1,1,1,-1,1,-1,-1,1,-1,-1,1,1,-1,-1,-1,-1,-1,-1,-1,0,-1,0,0,,,,,,,,,,,,,,,,,,,,,,,,,1258
-1,1,1,1,-1,1,-1,-1,1,-1,-1,1,1,-1,-1,-1,-1,-1,-1,-1,0,-1,0,0,1,1,-1,1,-1,-1,-1,-1,1,-1,-1,0,-1,0,1,1,-1,1,1,-1,1,-1,0,0,,,,,,,,,,,,,,,,,,,,,,,,,1600
1,1,-1,1,-1,-1,-1,-1,1,-1,-1,0,-1,0,1,1,-1,1,1,-1,1,-1,0,0,-1,1,1,1,-1,1,-1,-1,1,-1,-1,1,1,-1,-1,-1,-1,-1,-1,-1,0,-1,0,0,,,,,,,,,,,,,,,,,,,,,,,,,1573
-1,-1,1,-1,-1,-1,-1,-1,1,-1,-1,1,1,-1,-1,-1,-1,-1,-1,-1,0,-1,0,0,1,1,-1,1,-1,-1,-1,-1,1,-1,-1,0,-1,0,1,1,-1,1,1,-1,1,-1,0,0,,,,,,,,,,,,,,,,,,,,,,,,,2150
1,1,-1,1,-1,-1,-1,-1,1,-1,-1,0,-1,0,1,1,-1,1,1,-1,1,-1,0,0,-1,-1,1,-1,-1,-1,-1,-1,1,-1,-1,-1,-1,0,-1,1,-1,1,-1,-1,0,-1,0,0,,,,,,,,,,,,,,,,,,,,,,,,,1468
-1,-1,1,-1,-1,-1,-1,-1,1,-1,-1,-1,-1,0,-1,1,-1,1,-1,-1,0,-1,0,0,-1,1,-1,1,-1,-1,-1,-1,1,-1,-1,-1,-1,0,-1,1,-1,-1,-1,-1,0,-1,0,0,,,,,,,,,,,,,,,,,,,,,,,,,26
-1,1,1,-1,-1,-1,1,-1,1,-1,-1,1,-1,0,1,-1,-1,-1,-1,-1,0,-1,0,0,-1,-1,1,-1,-1,-1,-1,-1,-1,-1,-1,1,-1,0,1,-1,-1,-1,-1,-1,0,-1,0,0,,,,,,,,,,,,,,,,,,,,,,,,,721
1,1,-1,1,-1,-1,-1,-1,1,-1,-1,0,-1,0,-1,-1,-1,1,1,-1,1,-1,0,0,-1,-1,1,-1,-1,-1,-1,-1,1,-1,-1,1,1,-1,-1,-1,-1,-1,-1,-1,0,-1,0,0,,,,,,,,,,,,,,,,,,,,,,,,,1394
-1,-1,1,-1,-1,-1,-1,-1,1,-1,-1,1,1,-1,-1,-1,-1,-1,-1,-1,0,-1,0,0,1,1,-1,1,-1,-1,-1,-1,1,-1,-1,0,-1,0,-1,-1,-1,-1,-1,-1,1,-1,0,0,,,,,,,,,,,,,,,,,,,,,,,,,3336
1,1,-1,1,-1,-1,-1,-1,1,-1,-1,0,-1,0,-1,-1,1,1,-1,-1,1,-1,0,0,-1,-1,1,-1,-1,-1,-1,-1,-1,-1,-1,1,-1,0,1,-1,-1,-1,-1,-1,0,-1,0,0,,,,,,,,,,,,,,,,,,,,,,,,,3571
-1,-1,1,-1,-1,-1,-1,-1,-1,-1,-1,1,-1,0,1,-1,-1,-1,-1,-1,0,-1,0,0,-1,1,1,-1,-1,-1,1,-1,1,-1,-1,1,1,-1,-1,-1,-1,-1,-1,-1,0,-1,0,0,,,,,,,,,,,,,,,,,,,,,,,,,44
1,1,-1,1,-1,-1,-1,-1,1,-1,-1,0,-1,0,1,1,-1,1,1,-1,1,-1,0,0,-1,1,1,-1,-1,-1,1,-1,1,-1,-1,-1,-1,0,-1,1,-1,1,-1,-1,0,-1,0,0,,,,,,,,,,,,,,,,,,,,,,,,,784
-1,1,1,-1,-1,-1,1,-1,1,-1,-1,-1,-1,0,-1,1,-1,1,-1,-1,0,-1,0,0,-1,-1,1,-1,-1,-1,-1,-1,1,-1,-1,-1,-1,0,-1,1,-1,1,-1,-1,0,-1,0,0,,,,,,,,,,,,,,,,,,,,,,,,,974
-1,-1,1,-1,-1,-1,-1,-1,1,-1,-1,-1,-1,0,-1,1,-1,1,-1,-1,0,-1,0,0,1,1,-1,1,-1,-1,-1,-1,1,-1,-1,0,-1,0,-1,-1,1,1,-1,-1,1,-1,0,0,,,,,,,,,,,,,,,,,,,,,,,,,1731
-1,1,1,-1,-1,-1,1,-1,1,-1,-1,-1,-1,0,-1,1,-1,-1,-1,-1,0,-1,0,0,-1,-1,1,-1,-1,-1,-1,-1,1,-1,-1,-1,-1,0,-1,1,-1,1,-1,-1,0,-1,0,0,,,,,,,,,,,,,,,,,,,,,,,,,84
-1,-1,1,-1,-1,-1,-1,-1,1,-1,-1,-1,-1,0,-1,1,-1,1,-1,-1,0,-1,0,0,1,1,-1,1,-1,-1,-1,-1,1,-1,-1,0,-1,0,-1,-1,-1,-1,-1,-1,1,-1,0,0,,,,,,,,,,,,,,,,,,,,,,,,,317
-1,-1,1,-1,-1,-1,-1,-1,-1,-1,-1,1,-1,0,1,-1,-1,-1,-1,-1,0,-1,0,0,-1,-1,1,-1,-1,-1,-1,-1,1,-1,-1,1,1,-1,-1,-1,-1,-1,-1,-1,0,-1,0,0,,,,,,,,,,,,,,,,,,,,,,,,,30
-1,1,1,1,-1,1,-1,-1,1,-1,-1,1,1,-1,-1,-1,-1,-1,-1,-1,0,-1,0,0,-1,-1,1,1,-1,-1,-1,1,-1,-1,-1,1,1,-1,-1,-1,-1,-1,-1,-1,0,-1,0,0,,,,,,,,,,,,,,,,,,,,,,,,,587
-1,-1,1,-1,-1,-1,-1,-1,-1,-1,-1,1,1,-1,-1,-1,-1,-1,-1,-1,0,-1,0,0,-1,1,-1,1,-1,-1,-1,-1,1,-1,-1,-1,-1,0,-1,1,-1,-1,-1,-1,0,-1,0,0,,,,,,,,,,,,,,,,,,,,,,,,,972
-1,1,-1,1,-1,-1,-1,-1,1,-1,-1,-1,-1,0,-1,1,-1,-1,-1,-1,0,-1,0,0,1,1,-1,1,-1,-1,-1,-1,1,-1,-1,0,-1,0,-1,1,-1,-1,-1,-1,1,-1,0,0,,,,,,,,,,,,,,,,,,,,,,,,,3409
1,1,-1,1,-1,-1,-1,-1,1,-1,-1,0,-1,0,-1,-1,-1,1,1,-1,1,-1,0,0,-1,1,-1,1,0,-1,-1,-1,1,-1,-1,1,-1,0,1,0,0,-1,-1,-1,0,-1,0,0,,,,,,,,,,,,,,,,,,,,,,,,,2727
-1,1,-1,1,0,-1,-1,-1,1,-1,-1,1,-1,0,1,0,0,-1,-1,-1,0,-1,0,0,1,1,-1,1,-1,-1,-1,-1,1,-1,-1,0,-1,0,1,1,-1,1,1,-1,1,-1,0,0,,,,,,,,,,,,,,,,,,,,,,,,,2397
1,1,-1,1,-1,-1,-1,-1,1,-1,-1,0,-1,0,-1,-1,-1,-1,-1,-1,1,-1,0,0,-1,1,-1,1,0,-1,-1,-1,1,-1,-1,1,-1,0,1,0,0,-1,-1,-1,0,-1,0,0,,,,,,,,,,,,,,,,,,,,,,,,,1409
-1,-1,1,-1,-1,-1,-1,-1,-1,-1,-1,1,1,-1,-1,-1,-1,-1,-1,-1,0,-1,0,0,1,1,-1,1,-1,-1,-1,-1,1,-1,-1,0,-1,0,1,1,-1,-1,1,-1,1,-1,0,0,,,,,,,,,,,,,,,,,,,,,,,,,2084
-1,1,1,1,0,-1,-1,-1,1,-1,-1,1,1,-1,-1,0,0,-1,-1,-1,0,-1,0,0,-1,1,1,-1,-1,-1,1,-1,1,-1,-1,1,1,-1,-1,-1,-1,-1,-1,-1,0,-1,0,0,,,,,,,,,,,,,,,,,,,,,,,,,615
-1,1,1,-1,-1,-1,1,-1,1,-1,-1,1,1,-1,-1,-1,-1,-1,-1,-1,0,-1,0,0,-1,-1,1,-1,-1,-1,-1,-1,-1,-1,-1,1,1,-1,-1,-1,-1,-1,-1,-1,0,-1,0,0,,,,,,,,,,,,,,,,,,,,,,,,,1207
-1,1,1,-1,-1,-1,1,-1,1,-1,-1,1,-1,0,1,-1,-1,-1,-1,-1,0,-1,0,0,-1,1,-1,1,0,-1,-1,-1,1,-1,-1,1,-1,0,1,0,0,-1,-1,-1,0,-1,0,0,,,,,,,,,,,,,,,,,,,,,,,,,369
1,1,-1,1,-1,-1,-1,-1,1,-1,-1,0,-1,0,1,1,-1,1,1,-1,1,-1,0,0,-1,1,-1,1,-1,-1,-1,-1,1,-1,-1,-1,-1,0,-1,1,-1,-1,-1,-1,0,-1,0,0,,,,,,,,,,,,,,,,,,,,,,,,,1646
-1,1,-1,1,-1,-1,-1,-1,1,-1,-1,-1,-1,0,-1,1,-1,-1,-1,-1,0,-1,0,0,1,1,-1,1,-1,-1,-1,-1,1,-1,-1,0,-1,0,1,1,-1,-1,1,-1,1,-1,0,0,,,,,,,,,,,,,,,,,,,,,,,,,3604
-1,-1,1,1,-1,-1,-1,1,-1,-1,-1,-1,1,1,-1,-1,-1,-1,-1,-1,0,-1,0,0,1,1,-1,1,-1,-1,-1,-1,1,-1,-1,0,-1,0,1,1,-1,-1,1,-1,1,-1,0,0,,,,,,,,,,,,,,,,,,,,,,,,,582
1,1,-1,1,-1,-1,-1,-1,1,-1,-1,0,-1,0,1,1,-1,-1,1,-1,1,-1,0,0,-1,-1,1,-1,-1,-1,-1,-1,-1,-1,-1,1,1,-1,-1,-1,-1,-1,-1,-1,0,-1,0,0,,,,,,,,,,,,,,,,,,,,,,,,,1159
1,1,-1,1,-1,-1,-1,-1,1,-1,-1,0,-1,0,1,1,-1,-1,1,-1,1,-1,0,0,-1,-1,1,-1,-1,-1,-1,-1,-1,-1,-1,-1,-1,0,-1,1,-1,1,-1,-1,0,-1,0,0,,,,,,,,,,,,,,,,,,,,,,,,,893
-1,1,1,1,0,1,-1,-1,1,-1,-1,-1,1,1,-1,1,-1,-1,-1,-1,0,-1,0,0,-1,-1,1,-1,-1,-1,-1,-1,1,-1,-1,1,1,-1,-1,-1,-1,-1,-1,-1,0,-1,0,0,,,,,,,,,,,,,,,,,,,,,,,,,720
-1,1,1,1,0,-1,-1,-1,1,-1,-1,1,1,-1,-1,0,0,-1,-1,-1,0,-1,0,0,-1,-1,1,-1,-1,-1,-1,-1,-1,-1,-1,1,-1,0,1,-1,-1,-1,-1,-1,0,-1,0,0,,,,,,,,,,,,,,,,,,,,,,,,,921
-1,-1,1,-1,-1,-1,-1,-1,-1,-1,-1,1,-1,0,1,-1,-1,-1,-1,-1,0,-1,0,0,-1,1,1,1,0,-1,-1,-1,1,-1,-1,1,1,-1,-1,0,0,-1,-1,-1,0,-1,0,0,,,,,,,,,,,,,,,,,,,,,,,,,1839
-1,1,1,-1,-1,-1,1,-1,1,-1,-1,1,1,-1,-1,-1,-1,-1,-1,-1,0,-1,0,0,1,1,-1,1,-1,-1,-1,-1,1,-1,-1,0,-1,0,-1,-1,-1,1,1,-1,1,-1,0,0,,,,,,,,,,,,,,,,,,,,,,,,,721
-1,1,1,-1,-1,-1,1,-1,1,-1,-1,1,1,-1,-1,-1,-1,-1,-1,-1,0,-1,0,0,-1,-1,1,-1,-1,-1,-1,-1,1,-1,-1,1,1,-1,-1,-1,-1,-1,-1,-1,0,-1,0,0,,,,,,,,,,,,,,,,,,,,,,,,,321
1,1,-1,1,-1,-1,-1,-1,1,-1,-1,0,-1,0,-1,-1,1,-1,-1,-1,1,-1,0,0,-1,1,1,-1,-1,-1,1,-1,1,-1,-1,1,-1,0,1,-1,-1,-1,-1,-1,0,-1,0,0,,,,,,,,,,,,,,,,,,,,,,,,,215
1,1,-1,1,-1,-1,-1,-1,1,-1,-1,0,-1,0,1,1,-1,1,1,-1,1,-1,0,0,1,1,-1,1,-1,-1,-1,-1,1,-1,-1,0,-1,0,-1,-1,-1,-1,-1,-1,1,-1,0,0,,,,,,,,,,,,,,,,,,,,,,,,,466
-1,1,1,1,-1,1,-1,-1,1,-1,-1,1,1,-1,-1,-1,-1,-1,-1,-1,0,-1,0,0,-1,-1,1,-1,-1,-1,-1,-1,-1,-1,-1,-1,-1,0,-1,1,-1,1,-1,-1,0,-1,0,0,,,,,,,,,,,,,,,,,,,,,,,,,173
-1,-1,1,-1,-1,-1,-1,-1,-1,-1,-1,-1,-1,0,-1,1,-1,1,-1,-1,0,-1,0,0,1,1,-1,1,-1,-1,-1,-1,1,-1,-1,0,-1,0,-1,-1,-1,1,1,-1,1,-1,0,0,,,,,,,,,,,,,,,,,,,,,,,,,1009
-1,-1,1,-1,-1,-1,-1,-1,1,-1,-1,1,1,-1,-1,-1,-1,-1,-1,-1,0,-1,0,0,1,1,-1,1,-1,-1,-1,-1,1,-1,-1,0,-1,0,-1,1,-1,-1,-1,-1,1,-1,0,0,,,,,,,,,,,,,,,,,,,,,,,,,3466
-1,1,-1,1,0,-1,-1,-1,1,-1,-1,1,-1,0,1,0,0,-1,-1,-1,0,-1,0,0,-1,-1,1,1,-1,-1,-1,1,-1,-1,-1,1,1,-1,-1,-1,-1,-1,-1,-1,0,-1,0,0,,,,,,,,,,,,,,,,,,,,,,,,,668
-1,1,1,-1,-1,-1,1,-1,1,-1,-1,1,-1,0,1,-1,-1,-1,-1,-1,0,-1,0,0,1,1,-1,1,-1,-1,-1,-1,1,-1,-1,0,-1,0,-1,-1,-1,-1,-1,-1,1,-1,0,0,,,,,,,,,,,,,,,,,,,,,,,,,2122
-1,-1,1,1,-1,-1,-1,1,1,-1,-1,1,1,-1,-1,-1,-1,-1,-1,-1,0,-1,0,0,-1,1,-1,1,-1,-1,-1,-1,1,-1,-1,-1,-1,0,-1,1,-1,-1,-1,-1,0,-1,0,0,,,,,,,,,,,,,,,,,,,,,,,,,307
-1,1,1,1,-1,1,-1,-1,1,-1,-1,1,1,-1,-1,-1,-1,-1,-1,-1,0,-1,0,0,1,1,-1,1,-1,-1,-1,-1,1,-1,-1,0,-1,0,1,1,-1,-1,1,-1,1,-1,0,0,,,,,,,,,,,,,,,,,,,,,,,,,1102
1,1,-1,1,-1,-1,-1,-1,1,-1,-1,0,-1,0,-1,-1,1,-1,-1,-1,1,-1,0,0,-1,-1,1,-1,-1,-1,-1,-1,-1,-1,-1,1,1,-1,-1,-1,-1,-1,-1,-1,0,-1,0,0,,,,,,,,,,,,,,,,,,,,,,,,,97
-1,-1,1,-1,-1,-1,-1,-1,-1,-1,-1,1,1,-1,-1,-1,-1,-1,-1,-1,0,-1,0,0,-1,1,1,1,-1,1,-1,-1,1,-1,-1,1,1,-1,-1,-1,-1,-1,-1,-1,0,-1,0,0,,,,,,,,,,,,,,,,,,,,,,,,,294
1,1,-1,1,-1,-1,-1,-1,1,-1,-1,0,-1,0,-1,-1,-1,-1,-1,-1,1,-1,0,0,1,1,-1,1,-1,-1,-1,-1,1,-1,-1,0,-1,0,-1,-1,-1,-1,-1,-1,1,-1,0,0,,,,,,,,,,,,,,,,,,,,,,,,,59
1,1,-1,1,-1,-1,-1,-1,1,-1,-1,0,-1,0,-1,-1,1,-1,-1,-1,1,-1,0,0,-1,1,1,1,0,-1,-1,-1,1,-1,-1,1,1,-1,-1,0,0,-1,-1,-1,0,-1,0,0,,,,,,,,,,,,,,,,,,,,,,,,,1200
-1,-1,1,-1,-1,-1,-1,-1,1,-1,-1,-1,-1,0,-1,1,-1,1,-1,-1,0,-1,0,0,-1,1,1,-1,-1,-1,1,-1,1,-1,-1,1,1,-1,-1,-1,-1,-1,-1,-1,0,-1,0,0,,,,,,,,,,,,,,,,,,,,,,,,,12
1,1,-1,1,-1,-1,-1,-1,1,-1,-1,0,-1,0,1,1,-1,1,1,-1,1,-1,0,0,-1,-1,1,1,-1,-1,-1,1,1,-1,-1,1,1,-1,-1,-1,-1,-1,-1,-1,0,-1,0,0,,,,,,,,,,,,,,,,,,,,,,,,,2156
-1,1,1,1,-1,1,-1,-1,1,-1,-1,1,1,-1,-1,-1,-1,-1,-1,-1,0,-1,0,0,1,1,-1,1,-1,-1,-1,-1,1,-1,-1,0,-1,0,-1,-1,1,-1,-1,-1,1,-1,0,0,,,,,,,,,,,,,,,,,,,,,,,,,537
-1,1,1,-1,-1,-1,1,-1,1,-1,-1,1,1,-1,-1,-1,-1,-1,-1,-1,0,-1,0,0,-1,-1,1,-1,-1,-1,-1,-1,-1,-1,-1,1,-1,0,1,-1,-1,-1,-1,-1,0,-1,0,0,,,,,,,,,,,,,,,,,,,,,,,,,744
1,1,-1,1,-1,-1,-1,-1,1,-1,-1,0,-1,0,1,1,-1,1,1,-1,1,-1,0,0,-1,-1,1,1,-1,-1,-1,1,-1,-1,-1,-1,1,1,-1,-1,-1,-1,-1,-1,0,-1,0,0,,,,,,,,,,,,,,,,,,,,,,,,,1474
-1,-1,1,1,-1,-1,-1,1,-1,-1,-1,-1,1,1,-1,-1,-1,-1,-1,-1,0,-1,0,0,1,1,-1,1,-1,-1,-1,-1,1,-1,-1,0,-1,0,-1,-1,1,1,-1,-1,1,-1,0,0,,,,,,,,,,,,,,,,,,,,,,,,,753
-1,-1,1,1,-1,-1,-1,1,-1,-1,-1,-1,1,1,-1,-1,-1,-1,-1,-1,0,-1,0,0,-1,1,1,-1,-1,-1,1,-1,1,-1,-1,1,-1,0,1,-1,-1,-1,-1,-1,0,-1,0,0,,,,,,,,,,,,,,,,,,,,,,,,,22
1,1,-1,1,-1,-1,-1,-1,1,-1,-1,0,-1,0,-1,-1,-1,-1,-1,-1,1,-1,0,0,-1,-1,1,-1,-1,-1,-1,-1,1,-1,-1,1,1,-1,-1,-1,-1,-1,-1,-1,0,-1,0,0,,,,,,,,,,,,,,,,,,,,,,,,,738
-1,-1,1,1,-1,-1,-1,1,1,-1,-1,1,1,-1,-1,-1,-1,-1,-1,-1,0,-1,0,0,-1,1,-1,1,0,-1,-1,-1,1,-1,-1,1,-1,0,1,0,0,-1,-1,-1,0,-1,0,0,,,,,,,,,,,,,,,,,,,,,,,,,365
-1,-1,1,-1,-1,-1,-1,-1,1,-1,-1,-1,-1,0,-1,1,-1,1,-1,-1,0,-1,0,0,-1,-1,1,1,-1,-1,-1,1,1,-1,-1,1,1,-1,-1,-1,-1,-1,-1,-1,0,-1,0,0,,,,,,,,,,,,,,,,,,,,,,,,,24
-1,-1,1,1,-1,-1,-1,1,1,-1,-1,1,1,-1,-1,-1,-1,-1,-1,-1,0,-1,0,0,-1,1,1,-1,-1,-1,1,-1,1,-1,-1,1,1,-1,-1,-1,-1,-1,-1,-1,0,-1,0,0,,,,,,,,,,,,,,,,,,,,,,,,,423
-1,1,1,-1,-1,-1,1,-1,1,-1,-1,1,-1,0,1,-1,-1,-1,-1,-1,0,-1,0,0,-1,1,-1,1,-1,-1,-1,-1,1,-1,-1,-1,-1,0,-1,1,-1,-1,-1,-1,0,-1,0,0,,,,,,,,,,,,,,,,,,,,,,,,,522
1,1,-1,1,-1,-1,-1,-1,1,-1,-1,0,-1,0,-1,-1,-1,1,1,-1,1,-1,0,0,-1,-1,1,-1,-1,-1,-1,-1,1,-1,-1,-1,-1,0,-1,1,-1,1,-1,-1,0,-1,0,0,,,,,,,,,,,,,,,,,,,,,,,,,463
-1,-1,1,-1,-1,-1,-1,-1,1,-1,-1,1,1,-1,-1,-1,-1,-1,-1,-1,0,-1,0,0,1,1,-1,1,-1,-1,-1,-1,1,-1,-1,0,-1,0,1,1,-1,-1,1,-1,1,-1,0,0,,,,,,,,,,,,,,,,,,,,,,,,,580
1,1,-1,1,-1,-1,-1,-1,1,-1,-1,0,-1,0,1,1,-1,1,1,-1,1,-1,0,0,1,1,-1,1,-1,-1,-1,-1,1,-1,-1,0,-1,0,-1,1,-1,-1,-1,-1,1,-1,0,0,,,,,,,,,,,,,,,,,,,,,,,,,790
-1,-1,1,1,-1,-1,-1,1,-1,-1,-1,-1,1,1,-1,-1,-1,-1,-1,-1,0,-1,0,0,1,1,-1,1,-1,-1,-1,-1,1,-1,-1,0,-1,0,-1,-1,1,-1,-1,-1,1,-1,0,0,,,,,,,,,,,,,,,,,,,,,,,,,4
-1,-1,1,1,-1,-1,-1,1,-1,-1,-1,1,1,-1,-1,-1,-1,-1,-1,-1,0,-1,0,0,-1,1,1,1,0,1,-1,-1,1,-1,-1,-1,1,1,-1,1,-1,-1,-1,-1,0,-1,0,0,,,,,,,,,,,,,,,,,,,,,,,,,138
-1,1,1,1,0,1,-1,-1,1,-1,-1,-1,1,1,-1,1,-1,-1,-1,-1,0,-1,0,0,1,1,-1,1,-1,-1,-1,-1,1,-1,-1,0,-1,0,1,1,-1,1,1,-1,1,-1,0,0,,,,,,,,,,,,,,,,,,,,,,,,,1019
-1,1,1,-1,-1,-1,1,-1,1,-1,-1,1,1,-1,-1,-1,-1,-1,-1,-1,0,-1,0,0,-1,1,1,1,0,-1,-1,-1,1,-1,-1,1,1,-1,-1,0,0,-1,-1,-1,0,-1,0,0,,,,,,,,,,,,,,,,,,,,,,,,,177
-1,-1,1,1,-1,-1,-1,1,-1,-1,-1,1,1,-1,-1,-1,-1,-1,-1,-1,0,-1,0,0,1,1,-1,1,-1,-1,-1,-1,1,-1,-1,0,-1,0,1,1,-1,-1,1,-1,1,-1,0,0,,,,,,,,,,,,,,,,,,,,,,,,,1807
-1,1,-1,1,0,-1,-1,-1,1,-1,-1,1,-1,0,1,0,0,-1,-1,-1,0,-1,0,0,1,1,-1,1,-1,-1,-1,-1,1,-1,-1,0,-1,0,-1,-1,1,-1,-1,-1,1,-1,0,0,,,,,,,,,,,,,,,,,,,,,,,,,633
-1,-1,1,-1,-1,-1,-1,-1,1,-1,-1,-1,-1,0,-1,1,-1,1,-1,-1,0,-1,0,0,1,1,-1,1,-1,-1,-1,-1,1,-1,-1,0,-1,0,-1,-1,-1,1,1,-1,1,-1,0,0,,,,,,,,,,,,,,,,,,,,,,,,,1684
-1,1,1,-1,-1,-1,1,-1,1,-1,-1,1,-1,0,1,-1,-1,-1,-1,-1,0,-1,0,0,-1,1,1,-1,-1,-1,1,-1,1,-1,-1,1,-1,0,1,-1,-1,-1,-1,-1,0,-1,0,0,,,,,,,,,,,,,,,,,,,,,,,,,313
-1,1,1,-1,-1,-1,1,-1,1,-1,-1,1,-1,0,1,-1,-1,-1,-1,-1,0,-1,0,0,-1,-1,1,-1,-1,-1,-1,-1,-1,-1,-1,-1,-1,0,-1,1,-1,1,-1,-1,0,-1,0,0,,,,,,,,,,,,,,,,,,,,,,,,,819
-1,1,1,1,0,-1,-1,-1,1,-1,-1,1,1,-1,-1,0,0,-1,-1,-1,0,-1,0,0,-1,-1,1,-1,-1,-1,-1,-1,-1,-1,-1,-1,-1,0,-1,1,-1,1,-1,-1,0,-1,0,0,,,,,,,,,,,,,,,,,,,,,,,,,552
-1,-1,1,-1,-1,-1,-1,-1,-1,-1,-1,1,1,-1,-1,-1,-1,-1,-1,-1,0,-1,0,0,-1,-1,1,-1,-1,-1,-1,-1,1,-1,-1,1,-1,0,1,-1,-1,-1,-1,-1,0,-1,0,0,,,,,,,,,,,,,,,,,,,,,,,,,707
1,1,-1,1,-1,-1,-1,-1,1,-1,-1,0,-1,0,-1,-1,-1,1,1,-1,1,-1,0,0,-1,-1,1,-1,-1,-1,-1,-1,-1,-1,-1,1,-1,0,1,-1,-1,-1,-1,-1,0,-1,0,0,,,,,,,,,,,,,,,,,,,,,,,,,904
-1,1,-1,1,0,-1,-1,-1,1,-1,-1,1,-1,0,1,0,0,-1,-1,-1,0,-1,0,0,-1,1,1,1,0,-1,-1,-1,1,-1,-1,1,1,-1,-1,0,0,-1,-1,-1,0,-1,0,0,,,,,,,,,,,,,,,,,,,,,,,,,64
-1,-1,1,-1,-1,-1,-1,-1,-1,-1,-1,1,1,-1,-1,-1,-1,-1,-1,-1,0,-1,0,0,1,1,-1,1,-1,-1,-1,-1,1,-1,-1,0,-1,0,-1,-1,-1,1,1,-1,1,-1,0,0,,,,,,,,,,,,,,,,,,,,,,,,,443
-1,-1,1,-1,-1,-1,-1,-1,-1,-1,-1,1,-1,0,1,-1,-1,-1,-1,-1,0,-1,0,0,-1,1,-1,1,-1,-1,-1,-1,1,-1,-1,-1,-1,0,-1,1,-1,-1,-1,-1,0,-1,0,0,,,,,,,,,,,,,,,,,,,,,,,,,88
-1,1,1,1,-1,1,-1,-1,1,-1,-1,1,1,-1,-1,-1,-1,-1,-1,-1,0,-1,0,0,-1,1,-1,1,0,-1,-1,-1,1,-1,-1,1,-1,0,1,0,0,-1,-1,-1,0,-1,0,0,,,,,,,,,,,,,,,,,,,,,,,,,656
-1,-1,1,-1,-1,-1,-1,-1,1,-1,-1,1,1,-1,-1,-1,-1,-1,-1,-1,0,-1,0,0,1,1,-1,1,-1,-1,-1,-1,1,-1,-1,0,-1,0,-1,-1,1,-1,-1,-1,1,-1,0,0,,,,,,,,,,,,,,,,,,,,,,,,,130
-1,-1,1,-1,-1,-1,-1,-1,1,-1,-1,-1,-1,0,-1,1,-1,1,-1,-1,0,-1,0,0,1,1,-1,1,-1,-1,-1,-1,1,-1,-1,0,-1,0,-1,1,-1,-1,-1,-1,1,-1,0,0,,,,,,,,,,,,,,,,,,,,,,,,,831
-1,1,1,1,0,-1,-1,-1,1,-1,-1,1,1,-1,-1,0,0,-1,-1,-1,0,-1,0,0,-1,-1,1,1,-1,-1,-1,1,1,-1,-1,1,1,-1,-1,-1,-1,-1,-1,-1,0,-1,0,0,,,,,,,,,,,,,,,,,,,,,,,,,141
-1,1,-1,1,-1,-1,-1,-1,1,-1,-1,-1,-1,0,-1,1,-1,-1,-1,-1,0,-1,0,0,-1,-1,1,-1,-1,-1,-1,-1,-1,-1,-1,1,1,-1,-1,-1,-1,-1,-1,-1,0,-1,0,0,,,,,,,,,,,,,,,,,,,,,,,,,213
1,1,-1,1,-1,-1,-1,-1,1,-1,-1,0,-1,0,-1,-1,-1,-1,-1,-1,1,-1,0,0,1,1,-1,1,-1,-1,-1,-1,1,-1,-1,0,-1,0,1,1,-1,1,1,-1,1,-1,0,0,,,,,,,,,,,,,,,,,,,,,,,,,359
-1,-1,1,1,-1,-1,-1,1,1,-1,-1,1,1,-1,-1,-1,-1,-1,-1,-1,0,-1,0,0,-1,-1,1,1,-1,-1,-1,1,1,-1,-1,1,1,-1,-1,-1,-1,-1,-1,-1,0,-1,0,0,,,,,,,,,,,,,,,,,,,,,,,,,91
-1,1,1,1,0,-1,-1,-1,1,-1,-1,1,1,-1,-1,0,0,-1,-1,-1,0,-1,0,0,-1,-1,1,-1,-1,-1,-1,-1,1,-1,-1,1,-1,0,1,-1,-1,-1,-1,-1,0,-1,0,0,,,,,,,,,,,,,,,,,,,,,,,,,532
-1,1,1,-1,-1,-1,1,-1,1,-1,-1,1,1,-1,-1,-1,-1,-1,-1,-1,0,-1,0,0,-1,-1,1,-1,-1,-1,-1,-1,-1,-1,-1,-1,-1,0,-1,1,-1,1,-1,-1,0,-1,0,0,,,,,,,,,,,,,,,,,,,,,,,,,460
1,1,-1,1,-1,-1,-1,-1,1,-1,-1,0,-1,0,-1,1,-1,-1,-1,-1,1,-1,0,0,-1,1,1,-1,-1,-1,1,-1,1,-1,-1,-1,-1,0,-1,1,-1,-1,-1,-1,0,-1,0,0,,,,,,,,,,,,,,,,,,,,,,,,,457
-1,1,1,-1,-1,-1,1,-1,1,-1,-1,-1,-1,0,-1,1,-1,-1,-1,-1,0,-1,0,0,1,1,-1,1,-1,-1,-1,-1,1,-1,-1,0,-1,0,1,1,-1,1,1,-1,1,-1,0,0,,,,,,,,,,,,,,,,,,,,,,,,,351
-1,-1,1,-1,-1,-1,-1,-1,-1,-1,-1,1,1,-1,-1,-1,-1,-1,-1,-1,0,-1,0,0,-1,1,1,-1,-1,-1,1,-1,1,-1,-1,1,-1,0,1,-1,-1,-1,-1,-1,0,-1,0,0,,,,,,,,,,,,,,,,,,,,,,,,,394
1,1,-1,1,-1,-1,-1,-1,1,-1,-1,0,-1,0,-1,-1,1,1,-1,-1,1,-1,0,0,-1,1,1,-1,-1,-1,1,-1,1,-1,-1,-1,-1,0,-1,1,-1,-1,-1,-1,0,-1,0,0,,,,,,,,,,,,,,,,,,,,,,,,,391
-1,1,1,-1,-1,-1,1,-1,1,-1,-1,-1,-1,0,-1,1,-1,-1,-1,-1,0,-1,0,0,-1,1,1,1,-1,1,-1,-1,1,-1,-1,1,1,-1,-1,-1,-1,-1,-1,-1,0,-1,0,0,,,,,,,,,,,,,,,,,,,,,,,,,12
-1,-1,1,1,-1,-1,-1,1,1,-1,-1,1,1,-1,-1,-1,-1,-1,-1,-1,0,-1,0,0,-1,-1,1,-1,-1,-1,-1,-1,1,-1,-1,-1,-1,0,-1,1,-1,1,-1,-1,0,-1,0,0,,,,,,,,,,,,,,,,,,,,,,,,,501
-1,-1,1,1,-1,-1,-1,1,-1,-1,-1,-1,1,1,-1,-1,-1,-1,-1,-1,0,-1,0,0,1,1,-1,1,-1,-1,-1,-1,1,-1,-1,0,-1,0,-1,1,-1,-1,-1,-1,1,-1,0,0,,,,,,,,,,,,,,,,,,,,,,,,,1216
-1,-1,1,-1,-1,-1,-1,-1,1,-1,-1,-1,-1,0,-1,1,-1,1,-1,-1,0,-1,0,0,-1,-1,1,-1,-1,-1,-1,-1,-1,-1,-1,1,1,-1,-1,-1,-1,-1,-1,-1,0,-1,0,0,,,,,,,,,,,,,,,,,,,,,,,,,217
1,1,-1,1,-1,-1,-1,-1,1,-1,-1,0,-1,0,-1,-1,-1,-1,-1,-1,1,-1,0,0,-1,-1,1,-1,-1,-1,-1,-1,-1,-1,-1,-1,-1,0,-1,1,-1,1,-1,-1,0,-1,0,0,,,,,,,,,,,,,,,,,,,,,,,,,746
-1,-1,1,-1,-1,-1,-1,-1,-1,-1,-1,1,1,-1,-1,-1,-1,-1,-1,-1,0,-1,0,0,-1,-1,1,-1,-1,-1,-1,-1,-1,-1,-1,-1,-1,0,-1,1,-1,1,-1,-1,0,-1,0,0,,,,,,,,,,,,,,,,,,,,,,,,,1015
-1,1,1,-1,-1,-1,1,-1,1,-1,-1,1,1,-1,-1,-1,-1,-1,-1,-1,0,-1,0,0,-1,-1,1,-1,-1,-1,-1,-1,1,-1,-1,-1,-1,0,-1,1,-1,1,-1,-1,0,-1,0,0,,,,,,,,,,,,,,,,,,,,,,,,,162
-1,-1,1,1,-1,-1,-1,1,-1,-1,-1,-1,1,1,-1,-1,-1,-1,-1,-1,0,-1,0,0,-1,-1,1,-1,-1,-1,-1,-1,-1,-1,-1,-1,-1,0,-1,1,-1,1,-1,-1,0,-1,0,0,,,,,,,,,,,,,,,,,,,,,,,,,604
-1,1,1,1,0,-1,-1,-1,1,-1,-1,1,1,-1,-1,0,0,-1,-1,-1,0,-1,0,0,-1,1,1,-1,-1,-1,1,-1,1,-1,-1,-1,-1,0,-1,1,-1,1,-1,-1,0,-1,0,0,,,,,,,,,,,,,,,,,,,,,,,,,21
-1,1,1,-1,-1,-1,1,-1,1,-1,-1,-1,-1,0,-1,1,-1,1,-1,-1,0,-1,0,0,-1,-1,1,1,-1,-1,-1,1,-1,-1,-1,1,1,-1,-1,-1,-1,-1,-1,-1,0,-1,0,0,,,,,,,,,,,,,,,,,,,,,,,,,21
-1,-1,1,-1,-1,-1,-1,-1,-1,-1,-1,1,1,-1,-1,-1,-1,-1,-1,-1,0,-1,0,0,-1,-1,1,1,-1,-1,-1,1,1,-1,-1,1,1,-1,-1,-1,-1,-1,-1,-1,0,-1,0,0,,,,,,,,,,,,,,,,,,,,,,,,,91
-1,1,1,1,0,-1,-1,-1,1,-1,-1,1,1,-1,-1,0,0,-1,-1,-1,0,-1,0,0,-1,1,1,1,0,1,-1,-1,1,-1,-1,-1,1,1,-1,1,-1,-1,-1,-1,0,-1,0,0,,,,,,,,,,,,,,,,,,,,,,,,,31
1,1,-1,1,-1,-1,-1,-1,1,-1,-1,0,-1,0,-1,1,-1,-1,-1,-1,1,-1,0,0,-1,1,1,1,-1,1,-1,-1,1,-1,-1,1,1,-1,-1,-1,-1,-1,-1,-1,0,-1,0,0,,,,,,,,,,,,,,,,,,,,,,,,,1206
-1,-1,1,-1,-1,-1,-1,-1,-1,-1,-1,1,1,-1,-1,-1,-1,-1,-1,-1,0,-1,0,0,-1,-1,1,-1,-1,-1,-1,-1,1,-1,-1,1,1,-1,-1,-1,-1,-1,-1,-1,0,-1,0,0,,,,,,,,,,,,,,,,,,,,,,,,,421
-1,1,1,-1,-1,-1,1,-1,1,-1,-1,1,-1,0,1,-1,-1,-1,-1,-1,0,-1,0,0,-1,-1,1,-1,-1,-1,-1,-1,1,-1,-1,-1,-1,0,-1,1,-1,1,-1,-1,0,-1,0,0,,,,,,,,,,,,,,,,,,,,,,,,,137
-1,1,-1,1,0,-1,-1,-1,1,-1,-1,1,-1,0,1,0,0,-1,-1,-1,0,-1,0,0,1,1,-1,1,-1,-1,-1,-1,1,-1,-1,0,-1,0,-1,-1,-1,1,1,-1,1,-1,0,0,,,,,,,,,,,,,,,,,,,,,,,,,519
-1,1,1,1,-1,1,-1,-1,1,-1,-1,1,1,-1,-1,-1,-1,-1,-1,-1,0,-1,0,0,-1,-1,1,-1,-1,-1,-1,-1,-1,-1,-1,1,1,-1,-1,-1,-1,-1,-1,-1,0,-1,0,0,,,,,,,,,,,,,,,,,,,,,,,,,281
-1,-1,1,-1,-1,-1,-1,-1,-1,-1,-1,-1,-1,0,-1,1,-1,1,-1,-1,0,-1,0,0,1,1,-1,1,-1,-1,-1,-1,1,-1,-1,0,-1,0,1,1,-1,-1,1,-1,1,-1,0,0,,,,,,,,,,,,,,,,,,,,,,,,,39
-1,1,1,-1,-1,-1,1,-1,1,-1,-1,1,1,-1,-1,-1,-1,-1,-1,-1,0,-1,0,0,-1,1,1,-1,-1,-1,1,-1,1,-1,-1,1,-1,0,1,-1,-1,-1,-1,-1,0,-1,0,0,,,,,,,,,,,,,,,,,,,,,,,,,359
-1,1,1,-1,-1,-1,1,-1,1,-1,-1,1,-1,0,1,-1,-1,-1,-1,-1,0,-1,0,0,1,1,-1,1,-1,-1,-1,-1,1,-1,-1,0,-1,0,1,1,-1,-1,1,-1,1,-1,0,0,,,,,,,,,,,,,,,,,,,,,,,,,946
-1,1,1,1,0,-1,-1,-1,1,-1,-1,1,1,-1,-1,0,0,-1,-1,-1,0,-1,0,0,-1,-1,1,-1,-1,-1,-1,-1,1,-1,-1,-1,-1,0,-1,1,-1,1,-1,-1,0,-1,0,0,,,,,,,,,,,,,,,,,,,,,,,,,409
1,1,-1,1,-1,-1,-1,-1,1,-1,-1,0,-1,0,-1,1,-1,-1,-1,-1,1,-1,0,0,1,1,-1,1,-1,-1,-1,-1,1,-1,-1,0,-1,0,-1,-1,1,-1,-1,-1,1,-1,0,0,,,,,,,,,,,,,,,,,,,,,,,,,31
-1,-1,1,-1,-1,-1,-1,-1,1,-1,-1,-1,-1,0,-1,1,-1,1,-1,-1,0,-1,0,0,-1,-1,1,-1,-1,-1,-1,-1,-1,-1,-1,-1,-1,0,-1,1,-1,1,-1,-1,0,-1,0,0,,,,,,,,,,,,,,,,,,,,,,,,,23
-1,1,1,-1,-1,-1,1,-1,1,-1,-1,1,1,-1,-1,-1,-1,-1,-1,-1,0,-1,0,0,-1,-1,1,-1,-1,-1,-1,-1,1,-1,-1,1,-1,0,1,-1,-1,-1,-1,-1,0,-1,0,0,,,,,,,,,,,,,,,,,,,,,,,,,195
1,1,-1,1,-1,-1,-1,-1,1,-1,-1,0,-1,0,-1,-1,-1,-1,-1,-1,1,-1,0,0,-1,-1,1,-1,-1,-1,-1,-1,1,-1,-1,-1,-1,0,-1,1,-1,1,-1,-1,0,-1,0,0,,,,,,,,,,,,,,,,,,,,,,,,,93
-1,-1,1,-1,-1,-1,-1,-1,-1,-1,-1,1,-1,0,1,-1,-1,-1,-1,-1,0,-1,0,0,-1,-1,1,-1,-1,-1,-1,-1,-1,-1,-1,1,1,-1,-1,-1,-1,-1,-1,-1,0,-1,0,0,,,,,,,,,,,,,,,,,,,,,,,,,272
-1,1,-1,1,0,-1,-1,-1,1,-1,-1,1,-1,0,1,0,0,-1,-1,-1,0,-1,0,0,-1,-1,1,-1,-1,-1,-1,-1,-1,-1,-1,1,-1,0,1,-1,-1,-1,-1,-1,0,-1,0,0,,,,,,,,,,,,,,,,,,,,,,,,,166
1,1,-1,1,-1,-1,-1,-1,1,-1,-1,0,-1,0,-1,-1,-1,1,1,-1,1,-1,0,0,1,1,-1,1,-1,-1,-1,-1,1,-1,-1,0,-1,0,-1,-1,1,-1,-1,-1,1,-1,0,0,,,,,,,,,,,,,,,,,,,,,,,,,20
1,1,-1,1,-1,-1,-1,-1,1,-1,-1,0,-1,0,-1,-1,-1,-1,-1,-1,1,-1,0,0,-1,-1,1,-1,-1,-1,-1,-1,1,-1,-1,1,-1,0,1,-1,-1,-1,-1,-1,0,-1,0,0,,,,,,,,,,,,,,,,,,,,,,,,,270
-1,-1,1,-1,-1,-1,-1,-1,-1,-1,-1,1,1,-1,-1,-1,-1,-1,-1,-1,0,-1,0,0,-1,1,1,-1,-1,-1,1,-1,1,-1,-1,1,1,-1,-1,-1,-1,-1,-1,-1,0,-1,0,0,,,,,,,,,,,,,,,,,,,,,,,,,937
-1,-1,1,-1,-1,-1,-1,-1,-1,-1,-1,-1,-1,0,-1,1,-1,1,-1,-1,0,-1,0,0,-1,-1,1,-1,-1,-1,-1,-1,-1,-1,-1,1,1,-1,-1,-1,-1,-1,-1,-1,0,-1,0,0,,,,,,,,,,,,,,,,,,,,,,,,,630
-1,1,1,1,0,-1,-1,-1,1,-1,-1,1,1,-1,-1,0,0,-1,-1,-1,0,-1,0,0,-1,1,1,1,-1,1,-1,-1,1,-1,-1,1,1,-1,-1,-1,-1,-1,-1,-1,0,-1,0,0,,,,,,,,,,,,,,,,,,,,,,,,,314
-1,-1,1,1,-1,-1,-1,1,1,-1,-1,1,1,-1,-1,-1,-1,-1,-1,-1,0,-1,0,0,1,1,-1,1,-1,-1,-1,-1,1,-1,-1,0,-1,0,-1,-1,1,-1,-1,-1,1,-1,0,0,,,,,,,,,,,,,,,,,,,,,,,,,352
1,1,-1,1,-1,-1,-1,-1,1,-1,-1,0,-1,0,1,1,-1,1,1,-1,1,-1,0,0,1,1,-1,1,-1,-1,-1,-1,1,-1,-1,0,-1,0,-1,-1,1,-1,-1,-1,1,-1,0,0,,,,,,,,,,,,,,,,,,,,,,,,,65
1,1,-1,1,-1,-1,-1,-1,1,-1,-1,0,-1,0,1,1,-1,-1,1,-1,1,-1,0,0,-1,1,1,1,-1,1,-1,-1,1,-1,-1,1,1,-1,-1,-1,-1,-1,-1,-1,0,-1,0,0,,,,,,,,,,,,,,,,,,,,,,,,,809
-1,1,1,-1,-1,-1,1,-1,1,-1,-1,1,1,-1,-1,-1,-1,-1,-1,-1,0,-1,0,0,-1,1,1,1,-1,1,-1,-1,1,-1,-1,1,1,-1,-1,-1,-1,-1,-1,-1,0,-1,0,0,,,,,,,,,,,,,,,,,,,,,,,,,257
-1,-1,1,-1,-1,-1,-1,-1,-1,-1,-1,1,1,-1,-1,-1,-1,-1,-1,-1,0,-1,0,0,-1,1,-1,1,0,-1,-1,-1,1,-1,-1,1,-1,0,1,0,0,-1,-1,-1,0,-1,0,0,,,,,,,,,,,,,,,,,,,,,,,,,459
-1,1,1,-1,-1,-1,1,-1,1,-1,-1,1,1,-1,-1,-1,-1,-1,-1,-1,0,-1,0,0,-1,1,-1,1,0,-1,-1,-1,1,-1,-1,1,-1,0,1,0,0,-1,-1,-1,0,-1,0,0,,,,,,,,,,,,,,,,,,,,,,,,,410
-1,-1,1,-1,-1,-1,-1,-1,-1,-1,-1,1,-1,0,1,-1,-1,-1,-1,-1,0,-1,0,0,-1,-1,1,-1,-1,-1,-1,-1,-1,-1,-1,-1,-1,0,-1,1,-1,1,-1,-1,0,-1,0,0,,,,,,,,,,,,,,,,,,,,,,,,,108
-1,-1,1,1,-1,-1,-1,1,-1,-1,-1,-1,1,1,-1,-1,-1,-1,-1,-1,0,-1,0,0,-1,1,1,-1,-1,-1,1,-1,1,-1,-1,-1,-1,0,-1,1,-1,-1,-1,-1,0,-1,0,0,,,,,,,,,,,,,,,,,,,,,,,,,34
-1,1,-1,1,-1,-1,-1,-1,1,-1,-1,-1,-1,0,-1,1,-1,-1,-1,-1,0,-1,0,0,-1,-1,1,1,-1,-1,-1,1,-1,-1,-1,1,1,-1,-1,-1,-1,-1,-1,-1,0,-1,0,0,,,,,,,,,,,,,,,,,,,,,,,,,378
-1,1,1,1,0,-1,-1,-1,1,-1,-1,1,1,-1,-1,0,0,-1,-1,-1,0,-1,0,0,-1,-1,1,1,-1,-1,-1,1,1,-1,-1,-1,1,1,-1,-1,-1,-1,-1,-1,0,-1,0,0,,,,,,,,,,,,,,,,,,,,,,,,,67
-1,-1,1,1,-1,-1,-1,1,1,-1,-1,-1,1,1,-1,-1,-1,-1,-1,-1,0,-1,0,0,1,1,-1,1,-1,-1,-1,-1,1,-1,-1,0,-1,0,-1,-1,1,1,-1,-1,1,-1,0,0,,,,,,,,,,,,,,,,,,,,,,,,,282
1,1,-1,1,-1,-1,-1,-1,1,-1,-1,0,-1,0,-1,-1,1,1,-1,-1,1,-1,0,0,-1,-1,1,1,-1,-1,-1,1,1,-1,-1,-1,1,1,-1,-1,-1,-1,-1,-1,0,-1,0,0,,,,,,,,,,,,,,,,,,,,,,,,,269
-1,-1,1,1,-1,-1,-1,1,1,-1,-1,-1,1,1,-1,-1,-1,-1,-1,-1,0,-1,0,0,1,1,-1,1,-1,-1,-1,-1,1,-1,-1,0,-1,0,1,1,-1,1,1,-1,1,-1,0,0,,,,,,,,,,,,,,,,,,,,,,,,,333
-1,1,1,1,-1,-1,-1,-1,-1,-1,-1,-1,-1,0,-1,-1,-1,1,-1,-1,0,-1,0,0,1,1,-1,1,-1,-1,-1,-1,1,-1,-1,0,-1,0,-1,-1,-1,-1,-1,-1,1,-1,0,0,,,,,,,,,,,,,,,,,,,,,,,,,15
-1,-1,1,-1,-1,-1,-1,-1,-1,-1,-1,1,-1,0,1,-1,-1,-1,-1,-1,0,-1,0,0,-1,-1,1,-1,-1,-1,-1,-1,1,-1,-1,-1,-1,0,-1,1,-1,1,-1,-1,0,-1,0,0,,,,,,,,,,,,,,,,,,,,,,,,,199
-1,1,1,1,0,-1,-1,-1,1,-1,-1,1,1,-1,-1,0,0,-1,-1,-1,0,-1,0,0,-1,1,-1,1,0,-1,-1,-1,1,-1,-1,1,-1,0,1,0,0,-1,-1,-1,0,-1,0,0,,,,,,,,,,,,,,,,,,,,,,,,,452
-1,1,1,1,-1,1,-1,-1,1,-1,-1,1,1,-1,-1,-1,-1,-1,-1,-1,0,-1,0,0,-1,-1,1,-1,-1,-1,-1,-1,1,-1,-1,1,1,-1,-1,-1,-1,-1,-1,-1,0,-1,0,0,,,,,,,,,,,,,,,,,,,,,,,,,283
1,1,-1,1,-1,-1,-1,-1,1,-1,-1,0,-1,0,-1,-1,-1,1,1,-1,1,-1,0,0,1,1,-1,1,-1,-1,-1,-1,1,-1,-1,0,-1,0,-1,1,-1,-1,-1,-1,1,-1,0,0,,,,,,,,,,,,,,,,,,,,,,,,,214
1,1,-1,1,-1,-1,-1,-1,1,-1,-1,0,-1,0,1,1,-1,1,1,-1,1,-1,0,0,-1,1,-1,1,0,-1,-1,-1,1,-1,-1,1,-1,0,1,0,0,-1,-1,-1,0,-1,0,0,,,,,,,,,,,,,,,,,,,,,,,,,1033
1,1,-1,1,-1,-1,-1,-1,1,-1,-1,0,-1,0,-1,-1,-1,1,1,-1,1,-1,0,0,-1,1,1,-1,-1,-1,1,-1,1,-1,-1,-1,-1,0,-1,1,-1,-1,-1,-1,0,-1,0,0,,,,,,,,,,,,,,,,,,,,,,,,,121
-1,1,1,-1,-1,-1,1,-1,1,-1,-1,-1,-1,0,-1,1,-1,-1,-1,-1,0,-1,0,0,-1,-1,1,1,-1,-1,-1,1,-1,-1,-1,1,1,-1,-1,-1,-1,-1,-1,-1,0,-1,0,0,,,,,,,,,,,,,,,,,,,,,,,,,242
1,1,-1,1,-1,-1,-1,-1,1,-1,-1,0,-1,0,1,1,-1,-1,1,-1,1,-1,0,0,-1,1,-1,1,0,-1,-1,-1,1,-1,-1,1,-1,0,1,0,0,-1,-1,-1,0,-1,0,0,,,,,,,,,,,,,,,,,,,,,,,,,125
-1,-1,1,1,-1,-1,-1,1,-1,-1,-1,-1,1,1,-1,-1,-1,-1,-1,-1,0,-1,0,0,-1,-1,1,1,-1,-1,-1,1,-1,-1,-1,1,1,-1,-1,-1,-1,-1,-1,-1,0,-1,0,0,,,,,,,,,,,,,,,,,,,,,,,,,84
1,1,-1,1,-1,-1,-1,-1,1,-1,-1,0,-1,0,1,1,-1,-1,1,-1,1,-1,0,0,-1,-1,1,-1,-1,-1,-1,-1,1,-1,-1,-1,-1,0,-1,1,-1,1,-1,-1,0,-1,0,0,,,,,,,,,,,,,,,,,,,,,,,,,20
1,1,-1,1,-1,-1,-1,-1,1,-1,-1,0,-1,0,-1,-1,-1,-1,-1,-1,1,-1,0,0,-1,-1,1,1,-1,-1,-1,1,1,-1,-1,-1,1,1,-1,-1,-1,-1,-1,-1,0,-1,0,0,,,,,,,,,,,,,,,,,,,,,,,,,45
1,1,-1,1,-1,-1,-1,-1,1,-1,-1,0,-1,0,-1,-1,1,-1,-1,-1,1,-1,0,0,1,1,-1,1,-1,-1,-1,-1,1,-1,-1,0,-1,0,-1,-1,1,1,-1,-1,1,-1,0,0,,,,,,,,,,,,,,,,,,,,,,,,,6
1,1,-1,1,-1,-1,-1,-1,1,-1,-1,0,-1,0,-1,-1,-1,1,1,-1,1,-1,0,0,1,1,-1,1,-1,-1,-1,-1,1,-1,-1,0,-1,0,1,1,-1,1,1,-1,1,-1,0,0,,,,,,,,,,,,,,,,,,,,,,,,,59
-1,-1,1,1,-1,-1,-1,1,1,-1,-1,1,1,-1,-1,-1,-1,-1,-1,-1,0,-1,0,0,-1,-1,1,1,-1,-1,-1,1,-1,-1,-1,1,-1,0,1,-1,-1,-1,-1,-1,0,-1,0,0,,,,,,,,,,,,,,,,,,,,,,,,,9
-1,-1,1,-1,-1,-1,-1,-1,1,-1,-1,1,1,-1,-1,-1,-1,-1,-1,-1,0,-1,0,0,-1,-1,1,-1,-1,-1,-1,-1,1,-1,-1,1,1,-1,-1,-1,-1,-1,-1,-1,0,-1,0,0,,,,,,,,,,,,,,,,,,,,,,,,,96
-1,-1,1,1,-1,-1,-1,1,1,-1,-1,1,1,-1,-1,-1,-1,-1,-1,-1,0,-1,0,0,-1,1,1,-1,-1,-1,1,-1,1,-1,-1,1,-1,0,1,-1,-1,-1,-1,-1,0,-1,0,0,,,,,,,,,,,,,,,,,,,,,,,,,278
-1,-1,1,-1,-1,-1,-1,-1,-1,-1,-1,1,1,-1,-1,-1,-1,-1,-1,-1,0,-1,0,0,-1,-1,1,-1,-1,-1,-1,-1,-1,-1,-1,1,1,-1,-1,-1,-1,-1,-1,-1,0,-1,0,0,,,,,,,,,,,,,,,,,,,,,,,,,1085
-1,-1,1,-1,-1,-1,-1,-1,1,-1,-1,1,1,-1,-1,-1,-1,-1,-1,-1,0,-1,0,0,-1,-1,1,-1,-1,-1,-1,-1,-1,-1,-1,1,1,-1,-1,-1,-1,-1,-1,-1,0,-1,0,0,,,,,,,,,,,,,,,,,,,,,,,,,264
-1,-1,1,1,-1,-1,-1,1,1,-1,-1,1,1,-1,-1,-1,-1,-1,-1,-1,0,-1,0,0,-1,-1,1,1,-1,-1,-1,1,-1,-1,-1,-1,1,1,-1,-1,-1,-1,-1,-1,0,-1,0,0,,,,,,,,,,,,,,,,,,,,,,,,,80
-1,-1,1,-1,-1,-1,-1,-1,1,-1,-1,-1,-1,0,-1,1,-1,1,-1,-1,0,-1,0,0,-1,1,1,1,0,1,-1,-1,1,-1,-1,-1,1,1,-1,1,-1,-1,-1,-1,0,-1,0,0,,,,,,,,,,,,,,,,,,,,,,,,,75
1,1,-1,1,-1,-1,-1,-1,1,-1,-1,0,-1,0,-1,-1,-1,1,1,-1,1,-1,0,0,-1,-1,1,1,-1,-1,-1,1,-1,-1,-1,-1,1,1,-1,-1,-1,-1,-1,-1,0,-1,0,0,,,,,,,,,,,,,,,,,,,,,,,,,676
-1,1,-1,1,0,-1,-1,-1,1,-1,-1,1,-1,0,1,0,0,-1,-1,-1,0,-1,0,0,-1,1,1,-1,-1,-1,1,-1,1,-1,-1,1,-1,0,1,-1,-1,-1,-1,-1,0,-1,0,0,,,,,,,,,,,,,,,,,,,,,,,,,23
1,1,-1,1,-1,-1,-1,-1,1,-1,-1,0,-1,0,-1,-1,-1,1,1,-1,1,-1,0,0,1,1,-1,1,-1,-1,-1,-1,1,-1,-1,0,-1,0,-1,-1,-1,-1,-1,-1,1,-1,0,0,,,,,,,,,,,,,,,,,,,,,,,,,151
-1,-1,1,-1,-1,-1,-1,-1,-1,-1,-1,-1,-1,0,-1,1,-1,1,-1,-1,0,-1,0,0,-1,1,1,-1,-1,-1,1,-1,1,-1,-1,1,-1,0,1,-1,-1,-1,-1,-1,0,-1,0,0,,,,,,,,,,,,,,,,,,,,,,,,,140
-1,-1,1,-1,-1,-1,-1,-1,-1,-1,-1,-1,-1,0,-1,1,-1,1,-1,-1,0,-1,0,0,-1,1,1,-1,-1,-1,1,-1,1,-1,-1,1,1,-1,-1,-1,-1,-1,-1,-1,0,-1,0,0,,,,,,,,,,,,,,,,,,,,,,,,,92
-1,-1,1,-1,-1,-1,-1,-1,-1,-1,-1,-1,-1,0,-1,1,-1,1,-1,-1,0,-1,0,0,-1,1,-1,1,0,-1,-1,-1,1,-1,-1,1,-1,0,1,0,0,-1,-1,-1,0,-1,0,0,,,,,,,,,,,,,,,,,,,,,,,,,357
-1,-1,1,-1,-1,-1,-1,-1,1,-1,-1,1,1,-1,-1,-1,-1,-1,-1,-1,0,-1,0,0,-1,1,1,1,-1,1,-1,-1,1,-1,-1,1,1,-1,-1,-1,-1,-1,-1,-1,0,-1,0,0,,,,,,,,,,,,,,,,,,,,,,,,,66
-1,-1,1,1,-1,-1,-1,1,1,-1,-1,1,1,-1,-1,-1,-1,-1,-1,-1,0,-1,0,0,-1,-1,1,-1,-1,-1,-1,-1,-1,-1,-1,1,1,-1,-1,-1,-1,-1,-1,-1,0,-1,0,0,,,,,,,,,,,,,,,,,,,,,,,,,580
-1,-1,1,-1,-1,-1,-1,-1,-1,-1,-1,-1,-1,0,-1,1,-1,1,-1,-1,0,-1,0,0,-1,1,-1,1,-1,-1,-1,-1,1,-1,-1,-1,-1,0,-1,1,-1,-1,-1,-1,0,-1,0,0,,,,,,,,,,,,,,,,,,,,,,,,,111
-1,1,1,-1,-1,-1,1,-1,1,-1,-1,-1,-1,0,-1,1,-1,-1,-1,-1,0,-1,0,0,-1,1,-1,1,0,-1,-1,-1,1,-1,-1,1,-1,0,1,0,0,-1,-1,-1,0,-1,0,0,,,,,,,,,,,,,,,,,,,,,,,,,27
-1,1,-1,1,0,-1,-1,-1,1,-1,-1,1,-1,0,1,0,0,-1,-1,-1,0,-1,0,0,1,1,-1,1,-1,-1,-1,-1,1,-1,-1,0,-1,0,-1,-1,1,1,-1,-1,1,-1,0,0,,,,,,,,,,,,,,,,,,,,,,,,,131
1,1,-1,1,-1,-1,-1,-1,1,-1,-1,0,-1,0,-1,-1,1,1,-1,-1,1,-1,0,0,-1,1,-1,1,-1,-1,-1,-1,1,-1,-1,-1,-1,0,-1,1,-1,-1,-1,-1,0,-1,0,0,,,,,,,,,,,,,,,,,,,,,,,,,131
-1,1,-1,1,-1,-1,-1,-1,1,-1,-1,-1,-1,0,-1,1,-1,-1,-1,-1,0,-1,0,0,1,1,-1,1,-1,-1,-1,-1,1,-1,-1,0,-1,0,-1,-1,1,1,-1,-1,1,-1,0,0,,,,,,,,,,,,,,,,,,,,,,,,,130
1,1,-1,1,-1,-1,-1,-1,1,-1,-1,0,-1,0,-1,-1,1,1,-1,-1,1,-1,0,0,-1,-1,1,-1,-1,-1,-1,-1,1,-1,-1,-1,-1,0,-1,1,-1,1,-1,-1,0,-1,0,0,,,,,,,,,,,,,,,,,,,,,,,,,23
-1,-1,1,1,-1,-1,-1,1,1,-1,-1,1,1,-1,-1,-1,-1,-1,-1,-1,0,-1,0,0,-1,-1,1,-1,-1,-1,-1,-1,-1,-1,-1,1,-1,0,1,-1,-1,-1,-1,-1,0,-1,0,0,,,,,,,,,,,,,,,,,,,,,,,,,308
-1,-1,1,-1,-1,-1,-1,-1,-1,-1,-1,1,1,-1,-1,-1,-1,-1,-1,-1,0,-1,0,0,-1,1,1,1,0,1,-1,-1,1,-1,-1,-1,1,1,-1,1,-1,-1,-1,-1,0,-1,0,0,,,,,,,,,,,,,,,,,,,,,,,,,87
1,1,-1,1,-1,-1,-1,-1,1,-1,-1,0,-1,0,-1,-1,-1,-1,-1,-1,1,-1,0,0,-1,-1,1,-1,-1,-1,-1,-1,-1,-1,-1,1,-1,0,1,-1,-1,-1,-1,-1,0,-1,0,0,,,,,,,,,,,,,,,,,,,,,,,,,342
-1,1,1,-1,-1,-1,1,-1,1,-1,-1,-1,-1,0,-1,1,-1,-1,-1,-1,0,-1,0,0,1,1,-1,1,-1,-1,-1,-1,1,-1,-1,0,-1,0,-1,1,-1,-1,-1,-1,1,-1,0,0,,,,,,,,,,,,,,,,,,,,,,,,,68
1,1,-1,1,-1,-1,-1,-1,1,-1,-1,0,-1,0,1,1,-1,1,1,-1,1,-1,0,0,1,1,-1,1,-1,-1,-1,-1,1,-1,-1,0,-1,0,1,1,-1,-1,1,-1,1,-1,0,0,,,,,,,,,,,,,,,,,,,,,,,,,14
1,1,-1,1,-1,-1,-1,-1,1,-1,-1,0,-1,0,-1,1,-1,-1,-1,-1,1,-1,0,0,-1,-1,1,1,-1,-1,-1,1,1,-1,-1,-1,1,1,-1,-1,-1,-1,-1,-1,0,-1,0,0,,,,,,,,,,,,,,,,,,,,,,,,,182
-1,-1,1,1,-1,-1,-1,1,-1,-1,-1,1,1,-1,-1,-1,-1,-1,-1,-1,0,-1,0,0,-1,-1,1,1,-1,-1,-1,1,-1,-1,-1,-1,1,1,-1,-1,-1,-1,-1,-1,0,-1,0,0,,,,,,,,,,,,,,,,,,,,,,,,,386
-1,-1,1,-1,-1,-1,-1,-1,1,-1,-1,1,-1,0,1,-1,-1,-1,-1,-1,0,-1,0,0,-1,-1,1,-1,-1,-1,-1,-1,-1,-1,-1,1,-1,0,1,-1,-1,-1,-1,-1,0,-1,0,0,,,,,,,,,,,,,,,,,,,,,,,,,48
-1,-1,1,-1,-1,-1,-1,-1,1,-1,-1,1,1,-1,-1,-1,-1,-1,-1,-1,0,-1,0,0,-1,-1,1,-1,-1,-1,-1,-1,1,-1,-1,-1,-1,0,-1,1,-1,1,-1,-1,0,-1,0,0,,,,,,,,,,,,,,,,,,,,,,,,,38
-1,1,1,-1,-1,-1,1,-1,1,-1,-1,1,1,-1,-1,-1,-1,-1,-1,-1,0,-1,0,0,1,1,-1,1,-1,-1,-1,-1,1,-1,-1,0,-1,0,-1,-1,1,-1,-1,-1,1,-1,0,0,,,,,,,,,,,,,,,,,,,,,,,,,95
-1,1,1,1,-1,1,-1,-1,1,-1,-1,1,1,-1,-1,-1,-1,-1,-1,-1,0,-1,0,0,-1,1,1,-1,-1,-1,1,-1,1,-1,-1,1,1,-1,-1,-1,-1,-1,-1,-1,0,-1,0,0,,,,,,,,,,,,,,,,,,,,,,,,,225
-1,-1,1,-1,-1,-1,-1,-1,-1,-1,-1,-1,-1,0,-1,1,-1,1,-1,-1,0,-1,0,0,-1,-1,1,1,-1,-1,-1,1,-1,-1,-1,-1,1,1,-1,-1,-1,-1,-1,-1,0,-1,0,0,,,,,,,,,,,,,,,,,,,,,,,,,503
-1,-1,1,-1,-1,-1,-1,-1,-1,-1,-1,-1,-1,0,-1,1,-1,1,-1,-1,0,-1,0,0,-1,-1,1,-1,-1,-1,-1,-1,-1,-1,-1,1,-1,0,1,-1,-1,-1,-1,-1,0,-1,0,0,,,,,,,,,,,,,,,,,,,,,,,,,107
-1,1,-1,1,0,-1,-1,-1,1,-1,-1,1,-1,0,1,0,0,-1,-1,-1,0,-1,0,0,-1,-1,1,-1,-1,-1,-1,-1,-1,-1,-1,1,1,-1,-1,-1,-1,-1,-1,-1,0,-1,0,0,,,,,,,,,,,,,,,,,,,,,,,,,61
-1,1,1,1,0,1,-1,-1,1,-1,-1,-1,1,1,-1,1,-1,-1,-1,-1,0,-1,0,0,-1,1,-1,1,-1,-1,-1,-1,1,-1,-1,-1,-1,0,-1,1,-1,-1,-1,-1,0,-1,0,0,,,,,,,,,,,,,,,,,,,,,,,,,136
-1,1,1,-1,-1,-1,1,-1,1,-1,-1,1,-1,0,1,-1,-1,-1,-1,-1,0,-1,0,0,-1,1,1,1,0,-1,-1,-1,1,-1,-1,1,1,-1,-1,0,0,-1,-1,-1,0,-1,0,0,,,,,,,,,,,,,,,,,,,,,,,,,153
-1,1,-1,1,0,-1,-1,-1,1,-1,-1,1,-1,0,1,0,0,-1,-1,-1,0,-1,0,0,-1,1,1,-1,-1,-1,1,-1,1,-1,-1,1,1,-1,-1,-1,-1,-1,-1,-1,0,-1,0,0,,,,,,,,,,,,,,,,,,,,,,,,,98
-1,1,-1,1,0,-1,-1,-1,1,-1,-1,1,-1,0,1,0,0,-1,-1,-1,0,-1,0,0,-1,1,1,1,-1,1,-1,-1,1,-1,-1,1,1,-1,-1,-1,-1,-1,-1,-1,0,-1,0,0,,,,,,,,,,,,,,,,,,,,,,,,,26
-1,-1,1,1,-1,-1,-1,1,1,-1,-1,1,1,-1,-1,-1,-1,-1,-1,-1,0,-1,0,0,-1,1,1,1,0,1,-1,-1,1,-1,-1,-1,1,1,-1,1,-1,-1,-1,-1,0,-1,0,0,,,,,,,,,,,,,,,,,,,,,,,,,23
1,1,-1,1,-1,-1,-1,-1,1,-1,-1,0,-1,0,1,1,-1,1,1,-1,1,-1,0,0,-1,1,1,1,0,1,-1,-1,1,-1,-1,-1,1,1,-1,1,-1,-1,-1,-1,0,-1,0,0,,,,,,,,,,,,,,,,,,,,,,,,,404
1,1,-1,1,-1,-1,-1,-1,1,-1,-1,0,-1,0,-1,-1,1,1,-1,-1,1,-1,0,0,-1,-1,1,1,-1,-1,-1,1,-1,-1,-1,-1,1,1,-1,-1,-1,-1,-1,-1,0,-1,0,0,,,,,,,,,,,,,,,,,,,,,,,,,245
-1,1,-1,1,0,-1,-1,-1,1,-1,-1,1,-1,0,1,0,0,-1,-1,-1,0,-1,0,0,-1,-1,1,-1,-1,-1,-1,-1,1,-1,-1,1,1,-1,-1,-1,-1,-1,-1,-1,0,-1,0,0,,,,,,,,,,,,,,,,,,,,,,,,,51
-1,1,-1,1,0,-1,-1,-1,1,-1,-1,1,-1,0,1,0,0,-1,-1,-1,0,-1,0,0,-1,-1,1,-1,-1,-1,-1,-1,1,-1,-1,1,-1,0,1,-1,-1,-1,-1,-1,0,-1,0,0,,,,,,,,,,,,,,,,,,,,,,,,,46
-1,1,1,1,-1,1,-1,-1,1,-1,-1,1,1,-1,-1,-1,-1,-1,-1,-1,0,-1,0,0,-1,-1,1,-1,-1,-1,-1,-1,-1,-1,-1,1,-1,0,1,-1,-1,-1,-1,-1,0,-1,0,0,,,,,,,,,,,,,,,,,,,,,,,,,320
-1,-1,1,-1,-1,-1,-1,-1,1,-1,-1,-1,-1,0,-1,1,-1,1,-1,-1,0,-1,0,0,1,1,-1,1,-1,-1,-1,-1,1,-1,-1,0,-1,0,-1,-1,1,-1,-1,-1,1,-1,0,0,,,,,,,,,,,,,,,,,,,,,,,,,69
1,1,-1,1,-1,-1,-1,-1,1,-1,-1,0,-1,0,-1,-1,-1,-1,-1,-1,1,-1,0,0,-1,-1,1,1,-1,-1,-1,1,-1,-1,-1,1,-1,0,1,-1,-1,-1,-1,-1,0,-1,0,0,,,,,,,,,,,,,,,,,,,,,,,,,41
-1,-1,1,1,-1,-1,-1,1,-1,-1,-1,1,-1,0,1,-1,-1,-1,-1,-1,0,-1,0,0,-1,-1,1,-1,-1,-1,-1,-1,-1,-1,-1,1,1,-1,-1,-1,-1,-1,-1,-1,0,-1,0,0,,,,,,,,,,,,,,,,,,,,,,,,,4
-1,1,1,-1,-1,-1,1,-1,1,-1,-1,-1,-1,0,-1,1,-1,-1,-1,-1,0,-1,0,0,-1,-1,1,-1,-1,-1,-1,-1,-1,-1,-1,1,-1,0,1,-1,-1,-1,-1,-1,0,-1,0,0,,,,,,,,,,,,,,,,,,,,,,,,,94
-1,-1,1,-1,-1,-1,-1,-1,-1,-1,-1,1,-1,0,1,-1,-1,-1,-1,-1,0,-1,0,0,1,1,-1,1,-1,-1,-1,-1,1,-1,-1,0,-1,0,-1,-1,-1,1,1,-1,1,-1,0,0,,,,,,,,,,,,,,,,,,,,,,,,,228
1,1,-1,1,-1,-1,-1,-1,1,-1,-1,0,-1,0,-1,-1,-1,1,1,-1,1,-1,0,0,-1,1,1,1,0,1,-1,-1,1,-1,-1,-1,1,1,-1,1,-1,-1,-1,-1,0,-1,0,0,,,,,,,,,,,,,,,,,,,,,,,,,253
1,1,-1,1,-1,-1,-1,-1,1,-1,-1,0,-1,0,-1,-1,1,1,-1,-1,1,-1,0,0,-1,1,1,-1,-1,-1,1,-1,1,-1,-1,-1,-1,0,-1,1,-1,1,-1,-1,0,-1,0,0,,,,,,,,,,,,,,,,,,,,,,,,,141
-1,1,1,-1,-1,-1,1,-1,1,-1,-1,-1,-1,0,-1,1,-1,1,-1,-1,0,-1,0,0,-1,-1,1,-1,-1,-1,-1,-1,1,-1,-1,1,1,-1,-1,-1,-1,-1,-1,-1,0,-1,0,0,,,,,,,,,,,,,,,,,,,,,,,,,66
-1,1,-1,1,-1,-1,-1,-1,1,-1,-1,-1,-1,0,-1,1,-1,-1,-1,-1,0,-1,0,0,-1,1,1,-1,-1,-1,1,-1,1,-1,-1,1,1,-1,-1,-1,-1,-1,-1,-1,0,-1,0,0,,,,,,,,,,,,,,,,,,,,,,,,,54
-1,1,1,1,0,1,-1,-1,1,-1,-1,-1,1,1,-1,1,-1,-1,-1,-1,0,-1,0,0,1,1,-1,1,-1,-1,-1,-1,1,-1,-1,0,-1,0,-1,-1,-1,-1,-1,-1,1,-1,0,0,,,,,,,,,,,,,,,,,,,,,,,,,33
1,1,-1,1,-1,-1,-1,-1,1,-1,-1,0,-1,0,1,1,-1,1,1,-1,1,-1,0,0,-1,-1,1,1,-1,-1,-1,1,1,-1,-1,-1,1,1,-1,-1,-1,-1,-1,-1,0,-1,0,0,,,,,,,,,,,,,,,,,,,,,,,,,406
1,1,-1,1,-1,-1,-1,-1,1,-1,-1,0,-1,0,-1,-1,1,-1,-1,-1,1,-1,0,0,-1,-1,1,-1,-1,-1,-1,-1,1,-1,-1,1,-1,0,1,-1,-1,-1,-1,-1,0,-1,0,0,,,,,,,,,,,,,,,,,,,,,,,,,53
1,1,-1,1,-1,-1,-1,-1,1,-1,-1,0,-1,0,-1,-1,1,-1,-1,-1,1,-1,0,0,-1,1,-1,1,0,-1,-1,-1,1,-1,-1,1,-1,0,1,0,0,-1,-1,-1,0,-1,0,0,,,,,,,,,,,,,,,,,,,,,,,,,183
-1,-1,1,-1,-1,-1,-1,-1,-1,-1,-1,1,-1,0,1,-1,-1,-1,-1,-1,0,-1,0,0,-1,1,1,1,-1,1,-1,-1,1,-1,-1,1,1,-1,-1,-1,-1,-1,-1,-1,0,-1,0,0,,,,,,,,,,,,,,,,,,,,,,,,,172
1,1,-1,1,-1,-1,-1,-1,1,-1,-1,0,-1,0,-1,-1,-1,-1,-1,-1,1,-1,0,0,-1,-1,1,1,-1,-1,-1,1,-1,-1,-1,-1,1,1,-1,-1,-1,-1,-1,-1,0,-1,0,0,,,,,,,,,,,,,,,,,,,,,,,,,381
-1,1,1,1,0,1,-1,-1,1,-1,-1,-1,1,1,-1,1,-1,-1,-1,-1,0,-1,0,0,-1,1,1,1,0,-1,-1,-1,1,-1,-1,1,1,-1,-1,0,0,-1,-1,-1,0,-1,0,0,,,,,,,,,,,,,,,,,,,,,,,,,26
1,1,-1,1,-1,-1,-1,-1,1,-1,-1,0,-1,0,-1,1,-1,-1,-1,-1,1,-1,0,0,1,1,-1,1,-1,-1,-1,-1,1,-1,-1,0,-1,0,-1,-1,-1,1,1,-1,1,-1,0,0,,,,,,,,,,,,,,,,,,,,,,,,,112
-1,-1,1,-1,-1,-1,-1,-1,-1,-1,-1,1,-1,0,1,-1,-1,-1,-1,-1,0,-1,0,0,-1,-1,1,1,-1,-1,-1,1,1,-1,-1,-1,1,1,-1,-1,-1,-1,-1,-1,0,-1,0,0,,,,,,,,,,,,,,,,,,,,,,,,,12
-1,1,1,1,0,1,-1,-1,1,-1,-1,-1,1,1,-1,1,-1,-1,-1,-1,0,-1,0,0,-1,1,-1,1,0,-1,-1,-1,1,-1,-1,1,-1,0,1,0,0,-1,-1,-1,0,-1,0,0,,,,,,,,,,,,,,,,,,,,,,,,,46
-1,1,1,1,0,1,-1,-1,1,-1,-1,-1,1,1,-1,1,-1,-1,-1,-1,0,-1,0,0,-1,1,1,-1,-1,-1,1,-1,1,-1,-1,1,1,-1,-1,-1,-1,-1,-1,-1,0,-1,0,0,,,,,,,,,,,,,,,,,,,,,,,,,277
-1,1,1,1,-1,1,-1,-1,1,-1,-1,1,1,-1,-1,-1,-1,-1,-1,-1,0,-1,0,0,-1,-1,1,-1,-1,-1,-1,-1,1,-1,-1,-1,-1,0,-1,1,-1,1,-1,-1,0,-1,0,0,,,,,,,,,,,,,,,,,,,,,,,,,60
-1,-1,1,1,-1,-1,-1,1,1,-1,-1,1,1,-1,-1,-1,-1,-1,-1,-1,0,-1,0,0,-1,1,1,1,-1,1,-1,-1,1,-1,-1,1,1,-1,-1,-1,-1,-1,-1,-1,0,-1,0,0,,,,,,,,,,,,,,,,,,,,,,,,,236
-1,-1,1,-1,-1,-1,-1,-1,1,-1,-1,1,1,-1,-1,-1,-1,-1,-1,-1,0,-1,0,0,-1,1,1,1,0,1,-1,-1,1,-1,-1,-1,1,1,-1,1,-1,-1,-1,-1,0,-1,0,0,,,,,,,,,,,,,,,,,,,,,,,,,12
-1,1,1,-1,-1,-1,1,-1,1,-1,-1,1,1,-1,-1,-1,-1,-1,-1,-1,0,-1,0,0,-1,1,1,1,0,1,-1,-1,1,-1,-1,-1,1,1,-1,1,-1,-1,-1,-1,0,-1,0,0,,,,,,,,,,,,,,,,,,,,,,,,,37
-1,1,1,-1,-1,-1,1,-1,1,-1,-1,1,1,-1,-1,-1,-1,-1,-1,-1,0,-1,0,0,-1,-1,1,1,-1,-1,-1,1,-1,-1,-1,1,-1,0,1,-1,-1,-1,-1,-1,0,-1,0,0,,,,,,,,,,,,,,,,,,,,,,,,,31
-1,1,1,-1,-1,-1,1,-1,1,-1,-1,-1,-1,0,-1,1,-1,-1,-1,-1,0,-1,0,0,-1,-1,1,-1,-1,-1,-1,-1,-1,-1,-1,1,1,-1,-1,-1,-1,-1,-1,-1,0,-1,0,0,,,,,,,,,,,,,,,,,,,,,,,,,64
1,1,-1,1,-1,-1,-1,-1,1,-1,-1,0,-1,0,-1,-1,1,-1,-1,-1,1,-1,0,0,-1,1,1,1,0,1,-1,-1,1,-1,-1,-1,1,1,-1,1,-1,-1,-1,-1,0,-1,0,0,,,,,,,,,,,,,,,,,,,,,,,,,234
1,1,-1,1,-1,-1,-1,-1,1,-1,-1,0,-1,0,1,1,-1,1,1,-1,1,-1,0,0,-1,1,1,-1,-1,-1,1,-1,1,-1,-1,-1,-1,0,-1,1,-1,-1,-1,-1,0,-1,0,0,,,,,,,,,,,,,,,,,,,,,,,,,210
-1,1,1,-1,-1,-1,1,-1,1,-1,-1,-1,-1,0,-1,1,-1,-1,-1,-1,0,-1,0,0,-1,1,-1,1,-1,-1,-1,-1,1,-1,-1,-1,-1,0,-1,1,-1,-1,-1,-1,0,-1,0,0,,,,,,,,,,,,,,,,,,,,,,,,,38
-1,-1,1,-1,-1,-1,-1,-1,1,-1,-1,1,1,-1,-1,-1,-1,-1,-1,-1,0,-1,0,0,-1,1,1,-1,-1,-1,1,-1,1,-1,-1,1,1,-1,-1,-1,-1,-1,-1,-1,0,-1,0,0,,,,,,,,,,,,,,,,,,,,,,,,,273
-1,1,1,-1,-1,-1,1,-1,1,-1,-1,1,-1,0,1,-1,-1,-1,-1,-1,0,-1,0,0,-1,1,1,1,-1,1,-1,-1,1,-1,-1,1,1,-1,-1,-1,-1,-1,-1,-1,0,-1,0,0,,,,,,,,,,,,,,,,,,,,,,,,,306
-1,1,1,1,0,-1,-1,-1,1,-1,-1,1,1,-1,-1,0,0,-1,-1,-1,0,-1,0,0,-1,-1,1,1,-1,-1,-1,1,-1,-1,-1,-1,1,1,-1,-1,-1,-1,-1,-1,0,-1,0,0,,,,,,,,,,,,,,,,,,,,,,,,,173
-1,1,1,1,0,-1,-1,-1,1,-1,-1,1,1,-1,-1,0,0,-1,-1,-1,0,-1,0,0,1,1,-1,1,-1,-1,-1,-1,1,-1,-1,0,-1,0,-1,-1,1,-1,-1,-1,1,-1,0,0,,,,,,,,,,,,,,,,,,,,,,,,,116
-1,1,-1,1,-1,-1,-1,-1,1,-1,-1,-1,-1,0,-1,1,-1,-1,-1,-1,0,-1,0,0,-1,1,1,1,-1,1,-1,-1,1,-1,-1,1,1,-1,-1,-1,-1,-1,-1,-1,0,-1,0,0,,,,,,,,,,,,,,,,,,,,,,,,,39
-1,-1,1,1,-1,-1,-1,1,1,-1,-1,-1,1,1,-1,-1,-1,-1,-1,-1,0,-1,0,0,-1,1,1,1,-1,1,-1,-1,1,-1,-1,1,1,-1,-1,-1,-1,-1,-1,-1,0,-1,0,0,,,,,,,,,,,,,,,,,,,,,,,,,6
-1,-1,1,-1,-1,-1,-1,-1,-1,-1,-1,1,1,-1,-1,-1,-1,-1,-1,-1,0,-1,0,0,1,1,-1,1,-1,-1,-1,-1,1,-1,-1,0,-1,0,-1,-1,1,-1,-1,-1,1,-1,0,0,,,,,,,,,,,,,,,,,,,,,,,,,240
-1,-1,1,-1,-1,-1,-1,-1,-1,-1,-1,1,-1,0,1,-1,-1,-1,-1,-1,0,-1,0,0,-1,1,1,-1,-1,-1,1,-1,1,-1,-1,1,-1,0,1,-1,-1,-1,-1,-1,0,-1,0,0,,,,,,,,,,,,,,,,,,,,,,,,,51
-1,1,-1,1,-1,-1,-1,-1,1,-1,-1,-1,-1,0,-1,1,-1,-1,-1,-1,0,-1,0,0,-1,-1,1,-1,-1,-1,-1,-1,-1,-1,-1,-1,-1,0,-1,1,-1,1,-1,-1,0,-1,0,0,,,,,,,,,,,,,,,,,,,,,,,,,102
-1,-1,1,-1,-1,-1,-1,-1,1,-1,-1,1,1,-1,-1,-1,-1,-1,-1,-1,0,-1,0,0,-1,1,1,-1,-1,-1,1,-1,1,-1,-1,1,-1,0,1,-1,-1,-1,-1,-1,0,-1,0,0,,,,,,,,,,,,,,,,,,,,,,,,,173
-1,-1,1,-1,-1,-1,-1,-1,1,-1,-1,1,1,-1,-1,-1,-1,-1,-1,-1,0,-1,0,0,-1,-1,1,-1,-1,-1,-1,-1,-1,-1,-1,1,-1,0,1,-1,-1,-1,-1,-1,0,-1,0,0,,,,,,,,,,,,,,,,,,,,,,,,,225
-1,-1,1,1,-1,-1,-1,1,1,-1,-1,-1,1,1,-1,-1,-1,-1,-1,-1,0,-1,0,0,-1,1,-1,1,-1,-1,-1,-1,1,-1,-1,-1,-1,0,-1,1,-1,-1,-1,-1,0,-1,0,0,,,,,,,,,,,,,,,,,,,,,,,,,8
-1,-1,1,-1,-1,-1,-1,-1,1,-1,-1,1,1,-1,-1,-1,-1,-1,-1,-1,0,-1,0,0,-1,-1,1,-1,-1,-1,-1,-1,-1,-1,-1,-1,-1,0,-1,1,-1,1,-1,-1,0,-1,0,0,,,,,,,,,,,,,,,,,,,,,,,,,104
-1,1,1,1,0,1,-1,-1,1,-1,-1,-1,1,1,-1,1,-1,-1,-1,-1,0,-1,0,0,-1,-1,1,-1,-1,-1,-1,-1,1,-1,-1,1,-1,0,1,-1,-1,-1,-1,-1,0,-1,0,0,,,,,,,,,,,,,,,,,,,,,,,,,45
-1,-1,1,-1,-1,-1,-1,-1,-1,-1,-1,-1,-1,0,-1,1,-1,1,-1,-1,0,-1,0,0,-1,-1,1,1,-1,-1,-1,1,1,-1,-1,1,1,-1,-1,-1,-1,-1,-1,-1,0,-1,0,0,,,,,,,,,,,,,,,,,,,,,,,,,4
1,1,-1,1,-1,-1,-1,-1,1,-1,-1,0,-1,0,-1,-1,1,1,-1,-1,1,-1,0,0,-1,-1,1,-1,-1,-1,-1,-1,1,-1,-1,1,1,-1,-1,-1,-1,-1,-1,-1,0,-1,0,0,,,,,,,,,,,,,,,,,,,,,,,,,107
-1,-1,1,-1,-1,-1,-1,-1,-1,-1,-1,-1,-1,0,-1,1,-1,1,-1,-1,0,-1,0,0,-1,-1,1,-1,-1,-1,-1,-1,-1,-1,-1,-1,-1,0,-1,1,-1,1,-1,-1,0,-1,0,0,,,,,,,,,,,,,,,,,,,,,,,,,91
-1,-1,1,-1,-1,-1,-1,-1,-1,-1,-1,-1,-1,0,-1,1,-1,1,-1,-1,0,-1,0,0,-1,-1,1,-1,-1,-1,-1,-1,1,-1,-1,1,1,-1,-1,-1,-1,-1,-1,-1,0,-1,0,0,,,,,,,,,,,,,,,,,,,,,,,,,94
-1,-1,1,-1,-1,-1,-1,-1,1,-1,-1,-1,-1,0,-1,1,-1,1,-1,-1,0,-1,0,0,-1,1,1,1,-1,1,-1,-1,1,-1,-1,1,1,-1,-1,-1,-1,-1,-1,-1,0,-1,0,0,,,,,,,,,,,,,,,,,,,,,,,,,222
-1,-1,1,-1,-1,-1,-1,-1,1,-1,-1,1,-1,0,1,-1,-1,-1,-1,-1,0,-1,0,0,-1,1,1,-1,-1,-1,1,-1,1,-1,-1,1,-1,0,1,-1,-1,-1,-1,-1,0,-1,0,0,,,,,,,,,,,,,,,,,,,,,,,,,10
-1,1,1,-1,-1,-1,1,-1,1,-1,-1,1,-1,0,1,-1,-1,-1,-1,-1,0,-1,0,0,1,1,-1,1,-1,-1,-1,-1,1,-1,-1,0,-1,0,-1,-1,1,-1,-1,-1,1,-1,0,0,,,,,,,,,,,,,,,,,,,,,,,,,175
1,1,-1,1,-1,-1,-1,-1,1,-1,-1,0,-1,0,-1,-1,1,-1,-1,-1,1,-1,0,0,-1,1,1,-1,-1,-1,1,-1,1,-1,-1,1,1,-1,-1,-1,-1,-1,-1,-1,0,-1,0,0,,,,,,,,,,,,,,,,,,,,,,,,,195
-1,1,-1,1,-1,-1,-1,-1,1,-1,-1,-1,-1,0,-1,1,-1,-1,-1,-1,0,-1,0,0,-1,1,-1,1,-1,-1,-1,-1,1,-1,-1,-1,-1,0,-1,1,-1,-1,-1,-1,0,-1,0,0,,,,,,,,,,,,,,,,,,,,,,,,,87
1,1,-1,1,-1,-1,-1,-1,1,-1,-1,0,-1,0,-1,-1,1,-1,-1,-1,1,-1,0,0,-1,1,-1,1,-1,-1,-1,-1,1,-1,-1,-1,-1,0,-1,1,-1,-1,-1,-1,0,-1,0,0,,,,,,,,,,,,,,,,,,,,,,,,,15
-1,-1,1,-1,-1,-1,-1,-1,-1,-1,-1,1,-1,0,1,-1,-1,-1,-1,-1,0,-1,0,0,-1,1,1,1,0,1,-1,-1,1,-1,-1,-1,1,1,-1,1,-1,-1,-1,-1,0,-1,0,0,,,,,,,,,,,,,,,,,,,,,,,,,55
-1,1,-1,1,-1,-1,-1,-1,1,-1,-1,-1,-1,0,-1,1,-1,-1,-1,-1,0,-1,0,0,-1,1,-1,1,0,-1,-1,-1,1,-1,-1,1,-1,0,1,0,0,-1,-1,-1,0,-1,0,0,,,,,,,,,,,,,,,,,,,,,,,,,52
1,1,-1,1,-1,-1,-1,-1,1,-1,-1,0,-1,0,-1,-1,1,-1,-1,-1,1,-1,0,0,-1,-1,1,1,-1,-1,-1,1,1,-1,-1,-1,1,1,-1,-1,-1,-1,-1,-1,0,-1,0,0,,,,,,,,,,,,,,,,,,,,,,,,,2
-1,-1,1,1,-1,-1,-1,1,1,-1,-1,-1,1,1,-1,-1,-1,-1,-1,-1,0,-1,0,0,-1,-1,1,-1,-1,-1,-1,-1,-1,-1,-1,1,1,-1,-1,-1,-1,-1,-1,-1,0,-1,0,0,,,,,,,,,,,,,,,,,,,,,,,,,12
-1,-1,1,-1,-1,-1,-1,-1,1,-1,-1,1,-1,0,1,-1,-1,-1,-1,-1,0,-1,0,0,-1,-1,1,-1,-1,-1,-1,-1,-1,-1,-1,1,1,-1,-1,-1,-1,-1,-1,-1,0,-1,0,0,,,,,,,,,,,,,,,,,,,,,,,,,69
-1,1,1,1,0,1,-1,-1,1,-1,-1,-1,1,1,-1,1,-1,-1,-1,-1,0,-1,0,0,-1,-1,1,-1,-1,-1,-1,-1,-1,-1,-1,1,-1,0,1,-1,-1,-1,-1,-1,0,-1,0,0,,,,,,,,,,,,,,,,,,,,,,,,,83
-1,1,1,1,0,1,-1,-1,1,-1,-1,-1,1,1,-1,1,-1,-1,-1,-1,0,-1,0,0,-1,-1,1,-1,-1,-1,-1,-1,-1,-1,-1,-1,-1,0,-1,1,-1,1,-1,-1,0,-1,0,0,,,,,,,,,,,,,,,,,,,,,,,,,109
-1,-1,1,-1,-1,-1,-1,-1,-1,-1,-1,1,-1,0,1,-1,-1,-1,-1,-1,0,-1,0,0,1,1,-1,1,-1,-1,-1,-1,1,-1,-1,0,-1,0,-1,-1,1,-1,-1,-1,1,-1,0,0,,,,,,,,,,,,,,,,,,,,,,,,,41
-1,1,1,1,0,1,-1,-1,1,-1,-1,-1,1,1,-1,1,-1,-1,-1,-1,0,-1,0,0,-1,-1,1,1,-1,-1,-1,1,-1,-1,-1,-1,1,1,-1,-1,-1,-1,-1,-1,0,-1,0,0,,,,,,,,,,,,,,,,,,,,,,,,,102
-1,1,1,-1,-1,-1,1,-1,1,-1,-1,1,1,-1,-1,-1,-1,-1,-1,-1,0,-1,0,0,-1,-1,1,1,-1,-1,-1,1,-1,-1,-1,-1,1,1,-1,-1,-1,-1,-1,-1,0,-1,0,0,,,,,,,,,,,,,,,,,,,,,,,,,61
-1,1,1,-1,-1,-1,1,-1,1,-1,-1,1,-1,0,1,-1,-1,-1,-1,-1,0,-1,0,0,-1,-1,1,1,-1,-1,-1,1,-1,-1,-1,1,-1,0,1,-1,-1,-1,-1,-1,0,-1,0,0,,,,,,,,,,,,,,,,,,,,,,,,,16
-1,-1,1,1,-1,-1,-1,1,-1,-1,-1,1,-1,0,1,-1,-1,-1,-1,-1,0,-1,0,0,1,1,-1,1,-1,-1,-1,-1,1,-1,-1,0,-1,0,-1,1,-1,-1,-1,-1,1,-1,0,0,,,,,,,,,,,,,,,,,,,,,,,,,84
-1,1,1,-1,-1,-1,1,-1,1,-1,-1,1,-1,0,1,-1,-1,-1,-1,-1,0,-1,0,0,-1,1,1,1,0,1,-1,-1,1,-1,-1,-1,1,1,-1,1,-1,-1,-1,-1,0,-1,0,0,,,,,,,,,,,,,,,,,,,,,,,,,31
-1,-1,1,-1,-1,-1,-1,-1,1,-1,-1,1,1,-1,-1,-1,-1,-1,-1,-1,0,-1,0,0,-1,-1,1,-1,-1,-1,-1,-1,1,-1,-1,1,-1,0,1,-1,-1,-1,-1,-1,0,-1,0,0,,,,,,,,,,,,,,,,,,,,,,,,,73
-1,1,1,1,0,1,-1,-1,1,-1,-1,-1,1,1,-1,1,-1,-1,-1,-1,0,-1,0,0,-1,-1,1,-1,-1,-1,-1,-1,1,-1,-1,-1,-1,0,-1,1,-1,1,-1,-1,0,-1,0,0,,,,,,,,,,,,,,,,,,,,,,,,,25
-1,-1,1,-1,-1,-1,-1,-1,1,-1,-1,-1,-1,0,-1,1,-1,1,-1,-1,0,-1,0,0,-1,1,-1,1,0,-1,-1,-1,1,-1,-1,1,-1,0,1,0,0,-1,-1,-1,0,-1,0,0,,,,,,,,,,,,,,,,,,,,,,,,,9
-1,-1,1,1,-1,-1,-1,1,-1,-1,-1,-1,1,1,-1,-1,-1,-1,-1,-1,0,-1,0,0,-1,-1,1,-1,-1,-1,-1,-1,-1,-1,-1,1,-1,0,1,-1,-1,-1,-1,-1,0,-1,0,0,,,,,,,,,,,,,,,,,,,,,,,,,45
-1,-1,1,-1,-1,-1,-1,-1,-1,-1,-1,-1,-1,0,-1,1,-1,1,-1,-1,0,-1,0,0,-1,-1,1,-1,-1,-1,-1,-1,1,-1,-1,-1,-1,0,-1,1,-1,1,-1,-1,0,-1,0,0,,,,,,,,,,,,,,,,,,,,,,,,,29
-1,1,-1,1,-1,-1,-1,-1,1,-1,-1,-1,-1,0,-1,1,-1,-1,-1,-1,0,-1,0,0,-1,-1,1,-1,-1,-1,-1,-1,-1,-1,-1,1,-1,0,1,-1,-1,-1,-1,-1,0,-1,0,0,,,,,,,,,,,,,,,,,,,,,,,,,106
-1,1,-1,1,-1,-1,-1,-1,1,-1,-1,-1,-1,0,-1,1,-1,-1,-1,-1,0,-1,0,0,-1,-1,1,-1,-1,-1,-1,-1,1,-1,-1,1,1,-1,-1,-1,-1,-1,-1,-1,0,-1,0,0,,,,,,,,,,,,,,,,,,,,,,,,,56
-1,-1,1,-1,-1,-1,-1,-1,1,-1,-1,-1,-1,0,-1,1,-1,1,-1,-1,0,-1,0,0,-1,-1,1,-1,-1,-1,-1,-1,1,-1,-1,1,1,-1,-1,-1,-1,-1,-1,-1,0,-1,0,0,,,,,,,,,,,,,,,,,,,,,,,,,44
-1,1,1,1,0,1,-1,-1,1,-1,-1,-1,1,1,-1,1,-1,-1,-1,-1,0,-1,0,0,-1,1,1,-1,-1,-1,1,-1,1,-1,-1,1,-1,0,1,-1,-1,-1,-1,-1,0,-1,0,0,,,,,,,,,,,,,,,,,,,,,,,,,62
-1,-1,1,1,-1,-1,-1,1,-1,-1,-1,-1,1,1,-1,-1,-1,-1,-1,-1,0,-1,0,0,-1,-1,1,-1,-1,-1,-1,-1,1,-1,-1,1,-1,0,1,-1,-1,-1,-1,-1,0,-1,0,0,,,,,,,,,,,,,,,,,,,,,,,,,8
-1,1,-1,1,-1,-1,-1,-1,1,-1,-1,-1,-1,0,-1,1,-1,-1,-1,-1,0,-1,0,0,-1,-1,1,1,-1,-1,-1,1,-1,-1,-1,-1,1,1,-1,-1,-1,-1,-1,-1,0,-1,0,0,,,,,,,,,,,,,,,,,,,,,,,,,14
-1,1,1,-1,-1,-1,1,-1,1,-1,-1,-1,-1,0,-1,1,-1,-1,-1,-1,0,-1,0,0,-1,-1,1,-1,-1,-1,-1,-1,1,-1,-1,1,1,-1,-1,-1,-1,-1,-1,-1,0,-1,0,0,,,,,,,,,,,,,,,,,,,,,,,,,99
-1,1,-1,1,0,-1,-1,-1,1,-1,-1,1,-1,0,1,0,0,-1,-1,-1,0,-1,0,0,-1,1,-1,1,0,-1,-1,-1,1,-1,-1,1,-1,0,1,0,0,-1,-1,-1,0,-1,0,0,,,,,,,,,,,,,,,,,,,,,,,,,36
-1,1,-1,1,-1,-1,-1,-1,1,-1,-1,-1,-1,0,-1,1,-1,-1,-1,-1,0,-1,0,0,-1,1,1,-1,-1,-1,1,-1,1,-1,-1,1,-1,0,1,-1,-1,-1,-1,-1,0,-1,0,0,,,,,,,,,,,,,,,,,,,,,,,,,73
-1,-1,1,-1,-1,-1,-1,-1,-1,-1,-1,-1,-1,0,-1,1,-1,1,-1,-1,0,-1,0,0,-1,1,1,1,0,1,-1,-1,1,-1,-1,-1,1,1,-1,1,-1,-1,-1,-1,0,-1,0,0,,,,,,,,,,,,,,,,,,,,,,,,,111
-1,1,1,1,0,1,-1,-1,1,-1,-1,-1,1,1,-1,1,-1,-1,-1,-1,0,-1,0,0,1,1,-1,1,-1,-1,-1,-1,1,-1,-1,0,-1,0,-1,1,-1,-1,-1,-1,1,-1,0,0,,,,,,,,,,,,,,,,,,,,,,,,,65
-1,-1,1,-1,-1,-1,-1,-1,-1,-1,-1,1,-1,0,1,-1,-1,-1,-1,-1,0,-1,0,0,-1,-1,1,-1,-1,-1,-1,-1,-1,-1,-1,1,-1,0,1,-1,-1,-1,-1,-1,0,-1,0,0,,,,,,,,,,,,,,,,,,,,,,,,,48
-1,-1,1,-1,-1,-1,-1,-1,-1,-1,-1,-1,-1,0,-1,1,-1,1,-1,-1,0,-1,0,0,-1,-1,1,-1,-1,-1,-1,-1,1,-1,-1,1,-1,0,1,-1,-1,-1,-1,-1,0,-1,0,0,,,,,,,,,,,,,,,,,,,,,,,,,42
-1,1,1,-1,-1,-1,1,-1,1,-1,-1,1,1,-1,-1,-1,-1,-1,-1,-1,0,-1,0,0,1,1,-1,1,-1,-1,-1,-1,1,-1,-1,0,-1,0,1,1,-1,-1,1,-1,1,-1,0,0,,,,,,,,,,,,,,,,,,,,,,,,,73
1,1,-1,1,-1,-1,-1,-1,1,-1,-1,0,-1,0,-1,-1,1,-1,-1,-1,1,-1,0,0,-1,-1,1,-1,-1,-1,-1,-1,1,-1,-1,-1,-1,0,-1,1,-1,1,-1,-1,0,-1,0,0,,,,,,,,,,,,,,,,,,,,,,,,,36
-1,-1,1,1,-1,-1,-1,1,1,-1,-1,-1,1,1,-1,-1,-1,-1,-1,-1,0,-1,0,0,1,1,-1,1,-1,-1,-1,-1,1,-1,-1,0,-1,0,-1,1,-1,-1,-1,-1,1,-1,0,0,,,,,,,,,,,,,,,,,,,,,,,,,135
-1,1,-1,1,-1,-1,-1,-1,1,-1,-1,-1,-1,0,-1,1,-1,-1,-1,-1,0,-1,0,0,-1,-1,1,-1,-1,-1,-1,-1,1,-1,-1,1,-1,0,1,-1,-1,-1,-1,-1,0,-1,0,0,,,,,,,,,,,,,,,,,,,,,,,,,52
-1,-1,1,-1,-1,-1,-1,-1,1,-1,-1,-1,-1,0,-1,1,-1,1,-1,-1,0,-1,0,0,-1,-1,1,1,-1,-1,-1,1,-1,-1,-1,-1,1,1,-1,-1,-1,-1,-1,-1,0,-1,0,0,,,,,,,,,,,,,,,,,,,,,,,,,245
1,1,-1,1,-1,-1,-1,-1,1,-1,-1,0,-1,0,-1,1,-1,-1,-1,-1,1,-1,0,0,-1,-1,1,1,-1,-1,-1,1,-1,-1,-1,1,-1,0,1,-1,-1,-1,-1,-1,0,-1,0,0,,,,,,,,,,,,,,,,,,,,,,,,,45
-1,1,1,1,0,1,-1,-1,1,-1,-1,-1,1,1,-1,1,-1,-1,-1,-1,0,-1,0,0,-1,1,1,1,-1,1,-1,-1,1,-1,-1,1,1,-1,-1,-1,-1,-1,-1,-1,0,-1,0,0,,,,,,,,,,,,,,,,,,,,,,,,,44
-1,-1,1,-1,-1,-1,-1,-1,1,-1,-1,-1,-1,0,-1,1,-1,1,-1,-1,0,-1,0,0,-1,-1,1,-1,-1,-1,-1,-1,-1,-1,-1,1,-1,0,1,-1,-1,-1,-1,-1,0,-1,0,0,,,,,,,,,,,,,,,,,,,,,,,,,9
-1,-1,1,-1,-1,-1,-1,-1,-1,-1,-1,1,-1,0,1,-1,-1,-1,-1,-1,0,-1,0,0,-1,1,-1,1,0,-1,-1,-1,1,-1,-1,1,-1,0,1,0,0,-1,-1,-1,0,-1,0,0,,,,,,,,,,,,,,,,,,,,,,,,,71
1,1,-1,1,-1,-1,-1,-1,1,-1,-1,0,-1,0,1,1,-1,-1,1,-1,1,-1,0,0,-1,-1,1,-1,-1,-1,-1,-1,1,-1,-1,1,1,-1,-1,-1,-1,-1,-1,-1,0,-1,0,0,,,,,,,,,,,,,,,,,,,,,,,,,108
-1,-1,1,-1,-1,-1,-1,-1,-1,-1,-1,1,1,-1,-1,-1,-1,-1,-1,-1,0,-1,0,0,-1,-1,1,1,-1,-1,-1,1,-1,-1,-1,1,-1,0,1,-1,-1,-1,-1,-1,0,-1,0,0,,,,,,,,,,,,,,,,,,,,,,,,,17
-1,-1,1,1,-1,-1,-1,1,1,-1,-1,-1,1,-1,-1,-1,-1,-1,-1,-1,0,-1,0,0,1,1,-1,1,-1,-1,-1,-1,1,-1,-1,0,-1,0,-1,-1,1,1,-1,-1,1,-1,0,0,,,,,,,,,,,,,,,,,,,,,,,,,6
-1,-1,1,1,-1,-1,-1,1,-1,-1,-1,1,1,-1,-1,-1,-1,-1,-1,-1,0,-1,0,0,-1,-1,1,1,-1,-1,-1,1,-1,-1,-1,1,-1,0,1,-1,-1,-1,-1,-1,0,-1,0,0,,,,,,,,,,,,,,,,,,,,,,,,,42
-1,1,1,1,-1,1,-1,-1,1,-1,-1,1,1,-1,-1,-1,-1,-1,-1,-1,0,-1,0,0,-1,-1,1,1,-1,-1,-1,1,-1,-1,-1,1,-1,0,1,-1,-1,-1,-1,-1,0,-1,0,0,,,,,,,,,,,,,,,,,,,,,,,,,10
-1,-1,1,1,-1,-1,-1,1,-1,-1,-1,1,-1,0,1,-1,-1,-1,-1,-1,0,-1,0,0,1,1,-1,1,-1,-1,-1,-1,1,-1,-1,0,-1,0,-1,-1,-1,-1,-1,-1,1,-1,0,0,,,,,,,,,,,,,,,,,,,,,,,,,33
1,1,-1,1,-1,-1,-1,-1,1,-1,-1,0,-1,0,-1,1,-1,-1,-1,-1,1,-1,0,0,-1,1,1,-1,-1,-1,1,-1,1,-1,-1,-1,-1,0,-1,1,-1,1,-1,-1,0,-1,0,0,,,,,,,,,,,,,,,,,,,,,,,,,14
-1,1,1,-1,-1,-1,1,-1,1,-1,-1,-1,-1,0,-1,1,-1,1,-1,-1,0,-1,0,0,-1,-1,1,-1,-1,-1,-1,-1,-1,-1,-1,-1,-1,0,-1,1,-1,1,-1,-1,0,-1,0,0,,,,,,,,,,,,,,,,,,,,,,,,,21
-1,1,1,1,0,1,-1,-1,1,-1,-1,-1,1,1,-1,1,-1,-1,-1,-1,0,-1,0,0,1,1,-1,1,-1,-1,-1,-1,1,-1,-1,0,-1,0,1,1,-1,-1,1,-1,1,-1,0,0,,,,,,,,,,,,,,,,,,,,,,,,,9
-1,1,1,1,-1,1,-1,-1,1,-1,-1,1,1,-1,-1,-1,-1,-1,-1,-1,0,-1,0,0,-1,-1,1,1,-1,-1,-1,1,1,-1,-1,1,1,-1,-1,-1,-1,-1,-1,-1,0,-1,0,0,,,,,,,,,,,,,,,,,,,,,,,,,6
-1,-1,1,-1,-1,-1,-1,-1,-1,-1,-1,-1,-1,0,-1,1,-1,1,-1,-1,0,-1,0,0,1,1,-1,1,-1,-1,-1,-1,1,-1,-1,0,-1,0,-1,-1,1,-1,-1,-1,1,-1,0,0,,,,,,,,,,,,,,,,,,,,,,,,,67
1,1,-1,1,-1,-1,-1,-1,1,-1,-1,0,-1,0,-1,-1,1,1,-1,-1,1,-1,0,0,1,1,-1,1,-1,-1,-1,-1,1,-1,-1,0,-1,0,1,1,-1,-1,1,-1,1,-1,0,0,,,,,,,,,,,,,,,,,,,,,,,,,13
-1,1,-1,1,0,-1,-1,-1,1,-1,-1,1,-1,0,1,0,0,-1,-1,-1,0,-1,0,0,-1,-1,1,-1,-1,-1,-1,-1,-1,-1,-1,-1,-1,0,-1,1,-1,1,-1,-1,0,-1,0,0,,,,,,,,,,,,,,,,,,,,,,,,,43
-1,-1,1,1,-1,-1,-1,1,1,-1,-1,-1,1,1,-1,-1,-1,-1,-1,-1,0,-1,0,0,-1,-1,1,1,-1,-1,-1,1,-1,-1,-1,1,1,-1,-1,-1,-1,-1,-1,-1,0,-1,0,0,,,,,,,,,,,,,,,,,,,,,,,,,6
-1,-1,1,-1,-1,-1,-1,-1,-1,-1,-1,1,1,-1,-1,-1,-1,-1,-1,-1,0,-1,0,0,-1,-1,1,1,-1,-1,-1,1,1,-1,-1,-1,1,1,-1,-1,-1,-1,-1,-1,0,-1,0,0,,,,,,,,,,,,,,,,,,,,,,,,,9
-1,-1,1,1,-1,-1,-1,1,1,-1,-1,-1,1,1,-1,-1,-1,-1,-1,-1,0,-1,0,0,-1,1,1,-1,-1,-1,1,-1,1,-1,-1,1,1,-1,-1,-1,-1,-1,-1,-1,0,-1,0,0,,,,,,,,,,,,,,,,,,,,,,,,,6
-1,1,1,1,0,1,-1,-1,1,-1,-1,-1,1,1,-1,1,-1,-1,-1,-1,0,-1,0,0,-1,-1,1,1,-1,-1,-1,1,1,-1,-1,1,1,-1,-1,-1,-1,-1,-1,-1,0,-1,0,0,,,,,,,,,,,,,,,,,,,,,,,,,4
-1,-1,1,1,-1,-1,-1,1,-1,-1,-1,-1,1,1,-1,-1,-1,-1,-1,-1,0,-1,0,0,-1,1,1,-1,-1,-1,1,-1,1,-1,-1,1,1,-1,-1,-1,-1,-1,-1,-1,0,-1,0,0,,,,,,,,,,,,,,,,,,,,,,,,,57
1,1,-1,1,-1,-1,-1,-1,1,-1,-1,0,-1,0,1,1,-1,-1,1,-1,1,-1,0,0,-1,-1,1,-1,-1,-1,-1,-1,-1,-1,-1,1,-1,0,1,-1,-1,-1,-1,-1,0,-1,0,0,,,,,,,,,,,,,,,,,,,,,,,,,105
-1,1,1,1,0,1,-1,-1,1,-1,-1,-1,1,1,-1,1,-1,-1,-1,-1,0,-1,0,0,-1,1,1,1,0,1,-1,-1,1,-1,-1,-1,1,1,-1,1,-1,-1,-1,-1,0,-1,0,0,,,,,,,,,,,,,,,,,,,,,,,,,11
-1,-1,1,-1,-1,-1,-1,-1,1,-1,-1,-1,-1,0,-1,1,-1,1,-1,-1,0,-1,0,0,-1,1,1,-1,-1,-1,1,-1,1,-1,-1,1,-1,0,1,-1,-1,-1,-1,-1,0,-1,0,0,,,,,,,,,,,,,,,,,,,,,,,,,14
-1,-1,1,-1,-1,-1,-1,-1,-1,-1,-1,-1,-1,0,-1,1,-1,1,-1,-1,0,-1,0,0,-1,1,1,-1,-1,-1,1,-1,1,-1,-1,-1,-1,0,-1,1,-1,-1,-1,-1,0,-1,0,0,,,,,,,,,,,,,,,,,,,,,,,,,10
1,1,-1,1,-1,-1,-1,-1,1,-1,-1,0,-1,0,-1,-1,1,-1,-1,-1,1,-1,0,0,-1,-1,1,-1,-1,-1,-1,-1,-1,-1,-1,1,-1,0,1,-1,-1,-1,-1,-1,0,-1,0,0,,,,,,,,,,,,,,,,,,,,,,,,,67
-1,-1,1,1,-1,-1,-1,1,1,-1,-1,-1,1,1,-1,-1,-1,-1,-1,-1,0,-1,0,0,-1,-1,1,-1,-1,-1,-1,-1,1,-1,-1,-1,-1,0,-1,1,-1,1,-1,-1,0,-1,0,0,,,,,,,,,,,,,,,,,,,,,,,,,1
-1,1,1,1,-1,-1,-1,-1,-1,-1,-1,-1,-1,0,-1,-1,-1,1,-1,-1,0,-1,0,0,-1,-1,1,1,-1,-1,-1,1,-1,-1,-1,1,1,-1,-1,-1,-1,-1,-1,-1,0,-1,0,0,,,,,,,,,,,,,,,,,,,,,,,,,15
-1,-1,1,-1,-1,-1,-1,-1,1,-1,-1,1,-1,0,1,-1,-1,-1,-1,-1,0,-1,0,0,-1,1,1,1,0,1,-1,-1,1,-1,-1,-1,1,1,-1,1,-1,-1,-1,-1,0,-1,0,0,,,,,,,,,,,,,,,,,,,,,,,,,16
-1,-1,1,-1,-1,-1,-1,-1,1,-1,-1,1,1,-1,-1,-1,-1,-1,-1,-1,0,-1,0,0,-1,-1,1,1,-1,-1,-1,1,-1,-1,-1,1,-1,0,1,-1,-1,-1,-1,-1,0,-1,0,0,,,,,,,,,,,,,,,,,,,,,,,,,8
-1,-1,1,-1,-1,-1,-1,-1,-1,-1,-1,1,-1,0,1,-1,-1,-1,-1,-1,0,-1,0,0,-1,-1,1,1,-1,-1,-1,1,1,-1,-1,1,1,-1,-1,-1,-1,-1,-1,-1,0,-1,0,0,,,,,,,,,,,,,,,,,,,,,,,,,59
-1,1,1,-1,-1,-1,1,-1,1,-1,-1,-1,-1,0,-1,1,-1,-1,-1,-1,0,-1,0,0,-1,-1,1,-1,-1,-1,-1,-1,1,-1,-1,1,-1,0,1,-1,-1,-1,-1,-1,0,-1,0,0,,,,,,,,,,,,,,,,,,,,,,,,,9
-1,1,1,-1,-1,-1,1,-1,1,-1,-1,-1,-1,0,-1,1,-1,-1,-1,-1,0,-1,0,0,-1,-1,1,1,-1,-1,-1,1,1,-1,-1,-1,1,1,-1,-1,-1,-1,-1,-1,0,-1,0,0,,,,,,,,,,,,,,,,,,,,,,,,,4
1,1,-1,1,-1,-1,-1,-1,1,-1,-1,0,-1,0,-1,-1,-1,1,1,-1,1,-1,0,0,-1,-1,1,1,-1,-1,-1,1,-1,-1,-1,1,-1,0,1,-1,-1,-1,-1,-1,0,-1,0,0,,,,,,,,,,,,,,,,,,,,,,,,,10
-1,1,1,-1,-1,-1,1,-1,1,-1,-1,1,-1,0,1,-1,-1,-1,-1,-1,0,-1,0,0,-1,-1,1,1,-1,-1,-1,1,1,-1,-1,1,1,-1,-1,-1,-1,-1,-1,-1,0,-1,0,0,,,,,,,,,,,,,,,,,,,,,,,,,34
1,1,-1,1,-1,-1,-1,-1,1,-1,-1,0,-1,0,1,1,-1,1,1,-1,1,-1,0,0,-1,-1,1,1,-1,-1,-1,1,-1,-1,-1,1,-1,0,1,-1,-1,-1,-1,-1,0,-1,0,0,,,,,,,,,,,,,,,,,,,,,,,,,30
-1,-1,1,1,-1,-1,-1,1,1,-1,-1,-1,1,1,-1,-1,-1,-1,-1,-1,0,-1,0,0,-1,-1,1,-1,-1,-1,-1,-1,-1,-1,-1,1,-1,0,1,-1,-1,-1,-1,-1,0,-1,0,0,,,,,,,,,,,,,,,,,,,,,,,,,2
-1,1,-1,1,0,-1,-1,-1,1,-1,-1,1,-1,0,1,0,0,-1,-1,-1,0,-1,0,0,-1,-1,1,1,-1,-1,-1,1,1,-1,-1,-1,1,1,-1,-1,-1,-1,-1,-1,0,-1,0,0,,,,,,,,,,,,,,,,,,,,,,,,,2
-1,-1,1,1,-1,-1,-1,1,1,-1,-1,-1,1,1,-1,-1,-1,-1,-1,-1,0,-1,0,0,1,1,-1,1,-1,-1,-1,-1,1,-1,-1,0,-1,0,-1,-1,1,-1,-1,-1,1,-1,0,0,,,,,,,,,,,,,,,,,,,,,,,,,166
-1,-1,1,1,-1,-1,-1,1,-1,-1,-1,-1,1,1,-1,-1,-1,-1,-1,-1,0,-1,0,0,-1,-1,1,-1,-1,-1,-1,-1,-1,-1,-1,1,1,-1,-1,-1,-1,-1,-1,-1,0,-1,0,0,,,,,,,,,,,,,,,,,,,,,,,,,25
-1,-1,1,1,-1,-1,-1,1,-1,-1,-1,-1,1,1,-1,-1,-1,-1,-1,-1,0,-1,0,0,-1,1,-1,1,-1,-1,-1,-1,1,-1,-1,-1,-1,0,-1,1,-1,-1,-1,-1,0,-1,0,0,,,,,,,,,,,,,,,,,,,,,,,,,83
-1,-1,1,1,-1,-1,-1,1,1,-1,-1,-1,1,1,-1,-1,-1,-1,-1,-1,0,-1,0,0,-1,-1,1,-1,-1,-1,-1,-1,-1,-1,-1,-1,-1,0,-1,1,-1,1,-1,-1,0,-1,0,0,,,,,,,,,,,,,,,,,,,,,,,,,1
1,1,-1,1,-1,-1,-1,-1,1,-1,-1,0,-1,0,-1,1,-1,-1,-1,-1,1,-1,0,0,1,1,-1,1,-1,-1,-1,-1,1,-1,-1,0,-1,0,1,1,-1,-1,1,-1,1,-1,0,0,,,,,,,,,,,,,,,,,,,,,,,,,8
-1,1,1,1,-1,-1,-1,-1,-1,-1,-1,-1,-1,0,-1,-1,-1,1,-1,-1,0,-1,0,0,-1,1,1,-1,-1,-1,1,-1,1,-1,-1,1,-1,0,1,-1,-1,-1,-1,-1,0,-1,0,0,,,,,,,,,,,,,,,,,,,,,,,,,3
-1,1,1,-1,-1,-1,1,-1,1,-1,-1,-1,-1,0,-1,1,-1,-1,-1,-1,0,-1,0,0,-1,-1,1,-1,-1,-1,-1,-1,-1,-1,-1,-1,-1,0,-1,1,-1,1,-1,-1,0,-1,0,0,,,,,,,,,,,,,,,,,,,,,,,,,19
-1,-1,1,1,-1,-1,-1,1,1,-1,-1,-1,1,1,-1,-1,-1,-1,-1,-1,0,-1,0,0,1,1,-1,1,-1,-1,-1,-1,1,-1,-1,0,-1,0,-1,-1,-1,-1,-1,-1,1,-1,0,0,,,,,,,,,,,,,,,,,,,,,,,,,100
-1,-1,1,-1,-1,-1,-1,-1,1,-1,-1,1,-1,0,1,-1,-1,-1,-1,-1,0,-1,0,0,-1,-1,1,-1,-1,-1,-1,-1,-1,-1,-1,-1,-1,0,-1,1,-1,1,-1,-1,0,-1,0,0,,,,,,,,,,,,,,,,,,,,,,,,,9
-1,-1,1,1,-1,-1,-1,1,1,-1,-1,-1,1,1,-1,-1,-1,-1,-1,-1,0,-1,0,0,-1,1,1,-1,-1,-1,1,-1,1,-1,-1,-1,-1,0,-1,1,-1,-1,-1,-1,0,-1,0,0,,,,,,,,,,,,,,,,,,,,,,,,,11
1,1,-1,1,-1,-1,-1,-1,1,-1,-1,0,-1,0,-1,-1,1,-1,-1,-1,1,-1,0,0,-1,1,1,-1,-1,-1,1,-1,1,-1,-1,-1,-1,0,-1,1,-1,1,-1,-1,0,-1,0,0,,,,,,,,,,,,,,,,,,,,,,,,,106
1,1,-1,1,-1,-1,-1,-1,1,-1,-1,0,-1,0,-1,-1,-1,-1,-1,-1,1,-1,0,0,1,1,-1,1,-1,-1,-1,-1,1,-1,-1,0,-1,0,-1,-1,-1,1,1,-1,1,-1,0,0,,,,,,,,,,,,,,,,,,,,,,,,,20
-1,1,1,1,0,1,-1,-1,1,-1,-1,-1,1,1,-1,1,-1,-1,-1,-1,0,-1,0,0,-1,1,1,-1,-1,-1,1,-1,1,-1,-1,-1,-1,0,-1,1,-1,-1,-1,-1,0,-1,0,0,,,,,,,,,,,,,,,,,,,,,,,,,16
-1,1,1,-1,-1,-1,1,-1,1,-1,-1,-1,-1,0,-1,1,-1,-1,-1,-1,0,-1,0,0,-1,1,1,-1,-1,-1,1,-1,1,-1,-1,1,1,-1,-1,-1,-1,-1,-1,-1,0,-1,0,0,,,,,,,,,,,,,,,,,,,,,,,,,28
-1,1,1,1,-1,-1,-1,-1,-1,-1,-1,-1,-1,0,-1,-1,-1,1,-1,-1,0,-1,0,0,1,1,-1,1,-1,-1,-1,-1,1,-1,-1,0,-1,0,1,1,-1,1,1,-1,1,-1,0,0,,,,,,,,,,,,,,,,,,,,,,,,,14
1,1,-1,1,-1,-1,-1,-1,1,-1,-1,0,-1,0,-1,-1,-1,-1,-1,-1,1,-1,0,0,1,1,-1,1,-1,-1,-1,-1,1,-1,-1,0,-1,0,-1,-1,1,-1,-1,-1,1,-1,0,0,,,,,,,,,,,,,,,,,,,,,,,,,3
-1,1,1,1,0,-1,-1,-1,1,-1,-1,1,1,-1,-1,0,0,-1,-1,-1,0,-1,0,0,-1,-1,1,1,-1,-1,-1,1,-1,-1,-1,1,-1,0,1,-1,-1,-1,-1,-1,0,-1,0,0,,,,,,,,,,,,,,,,,,,,,,,,,5
-1,-1,1,-1,-1,-1,-1,-1,1,-1,-1,-1,-1,0,-1,1,-1,1,-1,-1,0,-1,0,0,1,1,-1,1,-1,-1,-1,-1,1,-1,-1,0,-1,0,1,1,-1,-1,1,-1,1,-1,0,0,,,,,,,,,,,,,,,,,,,,,,,,,28
-1,-1,1,-1,-1,-1,-1,-1,-1,-1,-1,1,-1,0,1,-1,-1,-1,-1,-1,0,-1,0,0,-1,-1,1,-1,-1,-1,-1,-1,1,-1,-1,1,-1,0,1,-1,-1,-1,-1,-1,0,-1,0,0,,,,,,,,,,,,,,,,,,,,,,,,,15
-1,-1,1,-1,-1,-1,-1,-1,-1,-1,-1,1,1,-1,-1,-1,-1,-1,-1,-1,0,-1,0,0,-1,1,1,-1,-1,-1,1,-1,1,-1,-1,-1,-1,0,-1,1,-1,-1,-1,-1,0,-1,0,0,,,,,,,,,,,,,,,,,,,,,,,,,13
-1,1,-1,1,-1,-1,-1,-1,1,-1,-1,-1,-1,0,-1,1,-1,-1,-1,-1,0,-1,0,0,-1,-1,1,1,-1,-1,-1,1,1,-1,-1,1,1,-1,-1,-1,-1,-1,-1,-1,0,-1,0,0,,,,,,,,,,,,,,,,,,,,,,,,,8
-1,1,-1,1,0,-1,-1,-1,1,-1,-1,1,-1,0,1,0,0,-1,-1,-1,0,-1,0,0,-1,-1,1,-1,-1,-1,-1,-1,1,-1,-1,-1,-1,0,-1,1,-1,1,-1,-1,0,-1,0,0,,,,,,,,,,,,,,,,,,,,,,,,,6
-1,1,-1,1,0,-1,-1,-1,1,-1,-1,1,-1,0,1,0,0,-1,-1,-1,0,-1,0,0,-1,-1,1,1,-1,-1,-1,1,1,-1,-1,1,1,-1,-1,-1,-1,-1,-1,-1,0,-1,0,0,,,,,,,,,,,,,,,,,,,,,,,,,2
1,1,-1,1,-1,-1,-1,-1,1,-1,-1,0,-1,0,1,1,-1,-1,1,-1,1,-1,0,0,-1,1,1,-1,-1,-1,1,-1,1,-1,-1,-1,-1,0,-1,1,-1,1,-1,-1,0,-1,0,0,,,,,,,,,,,,,,,,,,,,,,,,,15
1,1,-1,1,-1,-1,-1,-1,1,-1,-1,0,-1,0,-1,-1,-1,1,1,-1,1,-1,0,0,-1,-1,1,1,-1,-1,-1,1,1,-1,-1,-1,1,1,-1,-1,-1,-1,-1,-1,0,-1,0,0,,,,,,,,,,,,,,,,,,,,,,,,,18
-1,1,1,-1,-1,-1,1,-1,1,-1,-1,-1,-1,0,-1,1,-1,-1,-1,-1,0,-1,0,0,1,1,-1,1,-1,-1,-1,-1,1,-1,-1,0,-1,0,-1,-1,-1,-1,-1,-1,1,-1,0,0,,,,,,,,,,,,,,,,,,,,,,,,,8
-1,1,1,-1,-1,-1,1,-1,1,-1,-1,-1,-1,0,-1,1,-1,-1,-1,-1,0,-1,0,0,-1,1,1,-1,-1,-1,1,-1,1,-1,-1,1,-1,0,1,-1,-1,-1,-1,-1,0,-1,0,0,,,,,,,,,,,,,,,,,,,,,,,,,12
-1,-1,1,-1,-1,-1,-1,-1,1,-1,-1,1,-1,0,1,-1,-1,-1,-1,-1,0,-1,0,0,-1,-1,1,-1,-1,-1,-1,-1,1,-1,-1,1,-1,0,1,-1,-1,-1,-1,-1,0,-1,0,0,,,,,,,,,,,,,,,,,,,,,,,,,22
-1,-1,1,1,-1,-1,-1,1,-1,-1,-1,-1,1,1,-1,-1,-1,-1,-1,-1,0,-1,0,0,-1,1,1,1,0,-1,-1,-1,1,-1,-1,1,1,-1,-1,0,0,-1,-1,-1,0,-1,0,0,,,,,,,,,,,,,,,,,,,,,,,,,17
-1,-1,1,1,-1,-1,-1,1,-1,-1,-1,-1,1,1,-1,-1,-1,-1,-1,-1,0,-1,0,0,-1,1,1,1,-1,1,-1,-1,1,-1,-1,1,1,-1,-1,-1,-1,-1,-1,-1,0,-1,0,0,,,,,,,,,,,,,,,,,,,,,,,,,13
-1,-1,1,-1,-1,-1,-1,-1,1,-1,-1,1,-1,0,1,-1,-1,-1,-1,-1,0,-1,0,0,-1,1,-1,1,-1,-1,-1,-1,1,-1,-1,-1,-1,0,-1,1,-1,-1,-1,-1,0,-1,0,0,,,,,,,,,,,,,,,,,,,,,,,,,8
-1,-1,1,1,-1,-1,-1,1,1,-1,-1,-1,1,1,-1,-1,-1,-1,-1,-1,0,-1,0,0,-1,1,-1,1,0,-1,-1,-1,1,-1,-1,1,-1,0,1,0,0,-1,-1,-1,0,-1,0,0,,,,,,,,,,,,,,,,,,,,,,,,,6
-1,-1,1,-1,-1,-1,-1,-1,1,-1,-1,1,-1,0,1,-1,-1,-1,-1,-1,0,-1,0,0,-1,-1,1,-1,-1,-1,-1,-1,1,-1,-1,1,1,-1,-1,-1,-1,-1,-1,-1,0,-1,0,0,,,,,,,,,,,,,,,,,,,,,,,,,14
-1,1,-1,1,0,-1,-1,-1,1,-1,-1,1,-1,0,1,0,0,-1,-1,-1,0,-1,0,0,-1,1,-1,1,-1,-1,-1,-1,1,-1,-1,-1,-1,0,-1,1,-1,-1,-1,-1,0,-1,0,0,,,,,,,,,,,,,,,,,,,,,,,,,15
-1,-1,1,1,-1,-1,-1,1,-1,-1,-1,-1,1,1,-1,-1,-1,-1,-1,-1,0,-1,0,0,-1,1,1,1,0,1,-1,-1,1,-1,-1,-1,1,1,-1,1,-1,-1,-1,-1,0,-1,0,0,,,,,,,,,,,,,,,,,,,,,,,,,5
-1,1,-1,1,-1,-1,-1,-1,1,-1,-1,-1,-1,0,-1,1,-1,-1,-1,-1,0,-1,0,0,-1,1,1,1,0,1,-1,-1,1,-1,-1,-1,1,1,-1,1,-1,-1,-1,-1,0,-1,0,0,,,,,,,,,,,,,,,,,,,,,,,,,11
-1,-1,1,1,-1,-1,-1,1,-1,-1,-1,1,-1,0,1,-1,-1,-1,-1,-1,0,-1,0,0,-1,-1,1,1,-1,-1,-1,1,-1,-1,-1,1,-1,0,1,-1,-1,-1,-1,-1,0,-1,0,0,,,,,,,,,,,,,,,,,,,,,,,,,1
-1,-1,1,1,-1,-1,-1,1,-1,-1,-1,1,-1,0,1,-1,-1,-1,-1,-1,0,-1,0,0,1,1,-1,1,-1,-1,-1,-1,1,-1,-1,0,-1,0,-1,-1,1,-1,-1,-1,1,-1,0,0,,,,,,,,,,,,,,,,,,,,,,,,,24
-1,-1,1,1,-1,-1,-1,1,1,-1,-1,-1,1,1,-1,-1,-1,-1,-1,-1,0,-1,0,0,-1,-1,1,1,-1,-1,-1,1,1,-1,-1,1,1,-1,-1,-1,-1,-1,-1,-1,0,-1,0,0,,,,,,,,,,,,,,,,,,,,,,,,,1
-1,-1,1,-1,-1,-1,-1,-1,-1,-1,-1,1,-1,0,1,-1,-1,-1,-1,-1,0,-1,0,0,-1,-1,1,1,-1,-1,-1,1,-1,-1,-1,-1,1,1,-1,-1,-1,-1,-1,-1,0,-1,0,0,,,,,,,,,,,,,,,,,,,,,,,,,14
-1,1,1,-1,-1,-1,1,-1,1,-1,-1,-1,-1,0,-1,1,-1,-1,-1,-1,0,-1,0,0,-1,1,1,1,0,1,-1,-1,1,-1,-1,-1,1,1,-1,1,-1,-1,-1,-1,0,-1,0,0,,,,,,,,,,,,,,,,,,,,,,,,,2
-1,1,-1,1,-1,-1,-1,-1,1,-1,-1,-1,-1,0,-1,1,-1,-1,-1,-1,0,-1,0,0,-1,1,1,1,0,-1,-1,-1,1,-1,-1,1,1,-1,-1,0,0,-1,-1,-1,0,-1,0,0,,,,,,,,,,,,,,,,,,,,,,,,,8
-1,1,1,-1,-1,-1,1,-1,1,-1,-1,-1,-1,0,-1,1,-1,-1,-1,-1,0,-1,0,0,-1,1,1,1,0,-1,-1,-1,1,-1,-1,1,1,-1,-1,0,0,-1,-1,-1,0,-1,0,0,,,,,,,,,,,,,,,,,,,,,,,,,4
-1,-1,1,1,-1,-1,-1,1,1,-1,-1,-1,1,1,-1,-1,-1,-1,-1,-1,0,-1,0,0,-1,-1,1,-1,-1,-1,-1,-1,1,-1,-1,1,-1,0,1,-1,-1,-1,-1,-1,0,-1,0,0,,,,,,,,,,,,,,,,,,,,,,,,,3
-1,-1,1,1,-1,-1,-1,1,-1,-1,-1,1,-1,0,1,-1,-1,-1,-1,-1,0,-1,0,0,1,1,-1,1,-1,-1,-1,-1,1,-1,-1,0,-1,0,1,1,-1,1,1,-1,1,-1,0,0,,,,,,,,,,,,,,,,,,,,,,,,,3
-1,-1,1,-1,-1,-1,-1,-1,1,-1,-1,1,-1,0,1,-1,-1,-1,-1,-1,0,-1,0,0,-1,1,-1,1,0,-1,-1,-1,1,-1,-1,1,-1,0,1,0,0,-1,-1,-1,0,-1,0,0,,,,,,,,,,,,,,,,,,,,,,,,,18
-1,-1,1,-1,-1,-1,-1,-1,1,-1,-1,1,1,-1,-1,-1,-1,-1,-1,-1,0,-1,0,0,-1,-1,1,1,-1,-1,-1,1,-1,-1,-1,-1,1,1,-1,-1,-1,-1,-1,-1,0,-1,0,0,,,,,,,,,,,,,,,,,,,,,,,,,21
-1,1,1,-1,-1,-1,1,-1,1,-1,-1,1,1,-1,-1,-1,-1,-1,-1,-1,0,-1,0,0,-1,-1,1,1,-1,-1,-1,1,1,-1,-1,-1,1,1,-1,-1,-1,-1,-1,-1,0,-1,0,0,,,,,,,,,,,,,,,,,,,,,,,,,8
1,1,-1,1,-1,-1,-1,-1,1,-1,-1,0,-1,0,-1,-1,1,1,-1,-1,1,-1,0,0,-1,1,1,1,-1,-1,-1,-1,-1,-1,-1,-1,-1,0,-1,-1,-1,1,-1,-1,0,-1,0,0,,,,,,,,,,,,,,,,,,,,,,,,,4
-1,-1,1,-1,-1,-1,-1,-1,1,-1,-1,-1,-1,0,-1,1,-1,1,-1,-1,0,-1,0,0,-1,-1,1,-1,-1,-1,-1,-1,1,-1,-1,-1,-1,0,-1,1,-1,1,-1,-1,0,-1,0,0,,,,,,,,,,,,,,,,,,,,,,,,,1
-1,-1,1,1,-1,-1,-1,1,-1,-1,-1,-1,1,1,-1,-1,-1,-1,-1,-1,0,-1,0,0,-1,-1,1,-1,-1,-1,-1,-1,1,-1,-1,-1,-1,0,-1,1,-1,1,-1,-1,0,-1,0,0,,,,,,,,,,,,,,,,,,,,,,,,,16
-1,-1,1,-1,-1,-1,-1,-1,1,-1,-1,1,1,-1,-1,-1,-1,-1,-1,-1,0,-1,0,0,-1,-1,1,1,-1,-1,-1,1,1,-1,-1,-1,1,1,-1,-1,-1,-1,-1,-1,0,-1,0,0,,,,,,,,,,,,,,,,,,,,,,,,,3
-1,-1,1,1,-1,-1,-1,1,-1,-1,-1,1,-1,0,1,-1,-1,-1,-1,-1,0,-1,0,0,-1,1,1,1,-1,1,-1,-1,1,-1,-1,1,1,-1,-1,-1,-1,-1,-1,-1,0,-1,0,0,,,,,,,,,,,,,,,,,,,,,,,,,4
-1,-1,1,-1,-1,-1,-1,-1,1,-1,-1,1,-1,0,1,-1,-1,-1,-1,-1,0,-1,0,0,-1,-1,1,-1,-1,-1,-1,-1,1,-1,-1,-1,-1,0,-1,1,-1,1,-1,-1,0,-1,0,0,,,,,,,,,,,,,,,,,,,,,,,,,1
-1,-1,1,1,-1,-1,-1,1,-1,-1,-1,-1,1,1,-1,-1,-1,-1,-1,-1,0,-1,0,0,-1,1,-1,1,0,-1,-1,-1,1,-1,-1,1,-1,0,1,0,0,-1,-1,-1,0,-1,0,0,,,,,,,,,,,,,,,,,,,,,,,,,7
-1,1,1,1,-1,1,-1,-1,1,-1,-1,1,1,-1,-1,-1,-1,-1,-1,-1,0,-1,0,0,-1,1,-1,1,-1,-1,-1,-1,1,-1,-1,-1,-1,0,-1,1,-1,-1,-1,-1,0,-1,0,0,,,,,,,,,,,,,,,,,,,,,,,,,2
-1,1,1,1,0,-1,-1,-1,1,-1,-1,1,1,-1,-1,0,0,-1,-1,-1,0,-1,0,0,-1,1,1,-1,-1,-1,1,-1,1,-1,-1,-1,-1,0,-1,1,-1,-1,-1,-1,0,-1,0,0,,,,,,,,,,,,,,,,,,,,,,,,,1
-1,-1,1,1,-1,-1,-1,1,-1,-1,-1,1,1,-1,-1,-1,-1,-1,-1,-1,0,-1,0,0,-1,-1,1,1,-1,-1,-1,1,1,-1,-1,-1,1,1,-1,-1,-1,-1,-1,-1,0,-1,0,0,,,,,,,,,,,,,,,,,,,,,,,,,38
-1,1,1,-1,-1,-1,1,-1,1,-1,-1,1,-1,0,1,-1,-1,-1,-1,-1,0,-1,0,0,-1,-1,1,1,-1,-1,-1,1,1,-1,-1,-1,1,1,-1,-1,-1,-1,-1,-1,0,-1,0,0,,,,,,,,,,,,,,,,,,,,,,,,,9
-1,1,1,-1,-1,-1,1,-1,1,-1,-1,-1,-1,0,-1,1,-1,-1,-1,-1,0,-1,0,0,-1,-1,1,1,-1,-1,-1,1,1,-1,-1,1,1,-1,-1,-1,-1,-1,-1,-1,0,-1,0,0,,,,,,,,,,,,,,,,,,,,,,,,,4
-1,-1,1,-1,-1,-1,-1,-1,1,-1,-1,1,-1,0,1,-1,-1,-1,-1,-1,0,-1,0,0,-1,-1,1,1,-1,-1,-1,1,-1,-1,-1,-1,1,1,-1,-1,-1,-1,-1,-1,0,-1,0,0,,,,,,,,,,,,,,,,,,,,,,,,,12
-1,-1,1,-1,-1,-1,-1,-1,1,-1,-1,1,-1,0,1,-1,-1,-1,-1,-1,0,-1,0,0,-1,1,1,1,-1,1,-1,-1,1,-1,-1,1,1,-1,-1,-1,-1,-1,-1,-1,0,-1,0,0,,,,,,,,,,,,,,,,,,,,,,,,,11
-1,1,1,1,0,1,-1,-1,1,-1,-1,-1,1,1,-1,1,-1,-1,-1,-1,0,-1,0,0,-1,-1,1,1,-1,-1,-1,1,-1,-1,-1,1,-1,0,1,-1,-1,-1,-1,-1,0,-1,0,0,,,,,,,,,,,,,,,,,,,,,,,,,1
-1,-1,1,-1,-1,-1,-1,-1,-1,-1,-1,1,-1,0,1,-1,-1,-1,-1,-1,0,-1,0,0,-1,-1,1,1,-1,-1,-1,1,-1,-1,-1,1,-1,0,1,-1,-1,-1,-1,-1,0,-1,0,0,,,,,,,,,,,,,,,,,,,,,,,,,2
1,1,-1,1,-1,-1,-1,-1,1,-1,-1,0,-1,0,-1,-1,-1,-1,-1,-1,1,-1,0,0,1,1,-1,1,-1,-1,-1,-1,1,-1,-1,0,-1,0,1,1,-1,-1,1,-1,1,-1,0,0,,,,,,,,,,,,,,,,,,,,,,,,,2
1,1,-1,1,-1,-1,-1,-1,1,-1,-1,0,-1,0,-1,-1,-1,1,1,-1,1,-1,0,0,1,1,-1,1,-1,-1,-1,-1,1,-1,-1,0,-1,0,1,1,-1,-1,1,-1,1,-1,0,0,,,,,,,,,,,,,,,,,,,,,,,,,4
-1,1,-1,1,-1,-1,-1,-1,1,-1,-1,-1,-1,0,-1,1,-1,-1,-1,-1,0,-1,0,0,-1,-1,1,-1,-1,-1,-1,-1,1,-1,-1,-1,-1,0,-1,1,-1,1,-1,-1,0,-1,0,0,,,,,,,,,,,,,,,,,,,,,,,,,11
-1,-1,1,-1,-1,-1,-1,-1,1,-1,-1,1,-1,0,1,-1,-1,-1,-1,-1,0,-1,0,0,-1,1,1,-1,-1,-1,1,-1,1,-1,-1,1,1,-1,-1,-1,-1,-1,-1,-1,0,-1,0,0,,,,,,,,,,,,,,,,,,,,,,,,,24
1,1,-1,1,-1,-1,-1,-1,1,-1,-1,0,-1,0,-1,-1,1,-1,-1,-1,1,-1,0,0,-1,-1,1,1,-1,-1,-1,1,-1,-1,-1,-1,1,1,-1,-1,-1,-1,-1,-1,0,-1,0,0,,,,,,,,,,,,,,,,,,,,,,,,,2
-1,-1,1,1,-1,-1,-1,1,-1,-1,-1,1,-1,0,1,-1,-1,-1,-1,-1,0,-1,0,0,-1,1,1,1,0,-1,-1,-1,1,-1,-1,1,1,-1,-1,0,0,-1,-1,-1,0,-1,0,0,,,,,,,,,,,,,,,,,,,,,,,,,10
1,1,-1,1,-1,-1,-1,-1,1,-1,-1,0,-1,0,1,1,-1,1,1,-1,1,-1,0,0,-1,1,1,1,-1,-1,-1,-1,-1,-1,-1,-1,-1,0,-1,-1,-1,1,-1,-1,0,-1,0,0,,,,,,,,,,,,,,,,,,,,,,,,,4
-1,1,1,1,-1,-1,-1,-1,-1,-1,-1,-1,-1,0,-1,-1,-1,1,-1,-1,0,-1,0,0,1,1,-1,1,-1,-1,-1,-1,1,-1,-1,0,-1,0,1,1,-1,-1,1,-1,1,-1,0,0,,,,,,,,,,,,,,,,,,,,,,,,,4
-1,-1,1,1,-1,-1,-1,1,-1,-1,-1,-1,1,1,-1,-1,-1,-1,-1,-1,0,-1,0,0,-1,-1,1,1,-1,-1,-1,1,1,-1,-1,1,1,-1,-1,-1,-1,-1,-1,-1,0,-1,0,0,,,,,,,,,,,,,,,,,,,,,,,,,2
-1,1,1,1,-1,-1,-1,-1,-1,-1,-1,-1,-1,0,-1,-1,-1,1,-1,-1,0,-1,0,0,1,1,-1,1,-1,-1,-1,-1,1,-1,-1,0,-1,0,-1,-1,1,-1,-1,-1,1,-1,0,0,,,,,,,,,,,,,,,,,,,,,,,,,3
-1,-1,1,-1,-1,-1,-1,-1,1,-1,-1,-1,-1,0,-1,1,-1,1,-1,-1,0,-1,0,0,-1,-1,1,1,-1,-1,-1,1,1,-1,-1,-1,1,1,-1,-1,-1,-1,-1,-1,0,-1,0,0,,,,,,,,,,,,,,,,,,,,,,,,,6
-1,1,1,1,-1,1,-1,-1,1,-1,-1,1,1,-1,-1,-1,-1,-1,-1,-1,0,-1,0,0,-1,-1,1,-1,-1,-1,-1,-1,1,-1,-1,1,-1,0,1,-1,-1,-1,-1,-1,0,-1,0,0,,,,,,,,,,,,,,,,,,,,,,,,,7
1,1,-1,1,-1,-1,-1,-1,1,-1,-1,0,-1,0,1,1,-1,-1,1,-1,1,-1,0,0,-1,-1,1,1,-1,-1,-1,1,1,-1,-1,1,1,-1,-1,-1,-1,-1,-1,-1,0,-1,0,0,,,,,,,,,,,,,,,,,,,,,,,,,5
-1,1,1,1,0,1,-1,-1,1,-1,-1,-1,1,1,-1,1,-1,-1,-1,-1,0,-1,0,0,-1,-1,1,1,-1,-1,-1,1,1,-1,-1,-1,1,1,-1,-1,-1,-1,-1,-1,0,-1,0,0,,,,,,,,,,,,,,,,,,,,,,,,,6
1,1,-1,1,-1,-1,-1,-1,1,-1,-1,0,-1,0,1,1,-1,-1,1,-1,1,-1,0,0,1,1,-1,1,-1,-1,-1,-1,1,-1,-1,0,-1,0,-1,-1,1,1,-1,-1,1,-1,0,0,,,,,,,,,,,,,,,,,,,,,,,,,2
-1,1,1,1,-1,-1,-1,-1,-1,-1,-1,-1,-1,0,-1,-1,-1,1,-1,-1,0,-1,0,0,-1,1,1,1,0,-1,-1,-1,1,-1,-1,1,1,-1,-1,0,0,-1,-1,-1,0,-1,0,0,,,,,,,,,,,,,,,,,,,,,,,,,4
1,1,-1,1,-1,-1,-1,-1,1,-1,-1,0,-1,0,1,1,-1,1,1,-1,1,-1,0,0,-1,-1,1,-1,-1,-1,-1,-1,1,-1,-1,-1,-1,0,-1,1,-1,-1,-1,-1,0,-1,0,0,,,,,,,,,,,,,,,,,,,,,,,,,3
-1,-1,1,-1,-1,-1,-1,-1,1,-1,-1,-1,-1,0,-1,1,-1,-1,-1,-1,0,-1,0,0,1,1,-1,1,-1,-1,-1,-1,1,-1,-1,0,-1,0,-1,-1,1,1,-1,-1,1,-1,0,0,,,,,,,,,,,,,,,,,,,,,,,,,2
-1,-1,1,-1,-1,-1,-1,-1,1,-1,-1,-1,-1,0,-1,1,-1,1,-1,-1,0,-1,0,0,-1,-1,1,-1,-1,-1,-1,-1,1,-1,-1,1,-1,0,1,-1,-1,-1,-1,-1,0,-1,0,0,,,,,,,,,,,,,,,,,,,,,,,,,9
-1,-1,1,1,-1,-1,-1,1,-1,-1,-1,1,-1,0,1,-1,-1,-1,-1,-1,0,-1,0,0,1,1,-1,1,-1,-1,-1,-1,1,-1,-1,0,-1,0,-1,-1,-1,1,1,-1,1,-1,0,0,,,,,,,,,,,,,,,,,,,,,,,,,6
-1,-1,1,1,-1,-1,-1,1,1,-1,-1,-1,1,1,-1,-1,-1,-1,-1,-1,0,-1,0,0,-1,-1,1,-1,-1,-1,-1,-1,1,-1,-1,1,1,-1,-1,-1,-1,-1,-1,-1,0,-1,0,0,,,,,,,,,,,,,,,,,,,,,,,,,5
-1,-1,1,1,-1,-1,-1,1,1,-1,-1,-1,1,1,-1,-1,-1,-1,-1,-1,0,-1,0,0,-1,-1,1,1,-1,-1,-1,1,1,-1,-1,-1,1,1,-1,-1,-1,-1,-1,-1,0,-1,0,0,,,,,,,,,,,,,,,,,,,,,,,,,1
1,1,-1,1,-1,-1,-1,-1,1,-1,-1,0,-1,0,-1,-1,1,1,-1,-1,1,-1,0,0,-1,-1,1,-1,-1,-1,-1,-1,-1,-1,-1,-1,-1,0,-1,1,-1,-1,-1,-1,0,-1,0,0,,,,,,,,,,,,,,,,,,,,,,,,,1
-1,-1,1,-1,-1,-1,-1,-1,-1,-1,-1,-1,-1,0,-1,1,-1,-1,-1,-1,0,-1,0,0,1,1,-1,1,-1,-1,-1,-1,1,-1,-1,0,-1,0,-1,-1,1,1,-1,-1,1,-1,0,0,,,,,,,,,,,,,,,,,,,,,,,,,2
1,1,-1,1,-1,-1,-1,-1,1,-1,-1,0,-1,0,-1,1,-1,-1,-1,-1,1,-1,0,0,-1,1,1,1,-1,-1,-1,-1,-1,-1,-1,-1,-1,0,-1,-1,-1,1,-1,-1,0,-1,0,0,,,,,,,,,,,,,,,,,,,,,,,,,1
-1,1,-1,1,0,-1,-1,-1,1,-1,-1,1,-1,0,1,0,0,-1,-1,-1,0,-1,0,0,-1,-1,1,1,-1,-1,-1,1,-1,-1,-1,-1,1,1,-1,-1,-1,-1,-1,-1,0,-1,0,0,,,,,,,,,,,,,,,,,,,,,,,,,2
-1,-1,1,1,-1,-1,-1,1,-1,-1,-1,-1,1,1,-1,-1,-1,-1,-1,-1,0,-1,0,0,-1,-1,1,-1,-1,-1,-1,-1,-1,-1,-1,-1,-1,0,-1,1,-1,-1,-1,-1,0,-1,0,0,,,,,,,,,,,,,,,,,,,,,,,,,4
-1,-1,1,-1,-1,-1,-1,-1,-1,-1,-1,-1,-1,0,-1,1,-1,-1,-1,-1,0,-1,0,0,1,1,-1,1,-1,-1,-1,-1,1,-1,-1,0,-1,0,-1,-1,-1,-1,-1,-1,1,-1,0,0,,,,,,,,,,,,,,,,,,,,,,,,,1
-1,-1,1,1,-1,-1,-1,1,1,-1,-1,-1,1,1,-1,-1,-1,-1,-1,-1,0,-1,0,0,-1,1,1,-1,-1,-1,1,-1,1,-1,-1,1,-1,0,1,-1,-1,-1,-1,-1,0,-1,0,0,,,,,,,,,,,,,,,,,,,,,,,,,4
-1,1,1,1,0,1,-1,-1,1,-1,-1,-1,1,1,-1,1,-1,-1,-1,-1,0,-1,0,0,1,1,-1,1,-1,-1,-1,-1,1,-1,-1,0,-1,0,-1,-1,1,-1,-1,-1,1,-1,0,0,,,,,,,,,,,,,,,,,,,,,,,,,1
-1,-1,1,1,-1,-1,-1,1,1,-1,-1,-1,1,1,-1,-1,-1,-1,-1,-1,0,-1,0,0,1,1,-1,1,-1,-1,-1,-1,1,-1,-1,0,-1,0,-1,-1,-1,1,1,-1,1,-1,0,0,,,,,,,,,,,,,,,,,,,,,,,,,1
-1,1,1,-1,-1,-1,1,-1,1,-1,-1,1,1,-1,-1,-1,-1,-1,-1,-1,0,-1,0,0,-1,1,1,1,-1,-1,-1,-1,-1,-1,-1,-1,-1,0,-1,-1,-1,1,-1,-1,0,-1,0,0,,,,,,,,,,,,,,,,,,,,,,,,,3
-1,-1,1,-1,-1,-1,-1,-1,-1,-1,-1,-1,-1,0,-1,1,-1,1,-1,-1,0,-1,0,0,-1,-1,1,1,-1,-1,-1,1,-1,-1,-1,1,-1,0,1,-1,-1,-1,-1,-1,0,-1,0,0,,,,,,,,,,,,,,,,,,,,,,,,,1
-1,1,1,1,0,-1,-1,-1,1,-1,-1,1,1,-1,-1,0,0,-1,-1,-1,0,-1,0,0,-1,1,1,1,-1,-1,-1,-1,-1,-1,-1,-1,-1,0,-1,-1,-1,1,-1,-1,0,-1,0,0,,,,,,,,,,,,,,,,,,,,,,,,,2
-1,-1,1,-1,-1,-1,-1,-1,-1,-1,-1,-1,-1,0,-1,1,-1,-1,-1,-1,0,-1,0,0,1,1,-1,1,-1,-1,-1,-1,1,-1,-1,0,-1,0,-1,1,-1,-1,-1,-1,1,-1,0,0,,,,,,,,,,,,,,,,,,,,,,,,,1
-1,-1,1,1,-1,-1,-1,1,-1,-1,-1,1,-1,0,1,-1,-1,-1,-1,-1,0,-1,0,0,1,1,-1,1,-1,-1,-1,-1,1,-1,-1,0,-1,0,1,1,-1,-1,1,-1,1,-1,0,0,,,,,,,,,,,,,,,,,,,,,,,,,1
-1,-1,1,1,-1,-1,-1,1,1,-1,-1,1,1,-1,-1,-1,-1,-1,-1,-1,0,-1,0,0,-1,-1,1,1,-1,-1,-1,1,1,-1,-1,-1,1,1,-1,-1,-1,-1,-1,-1,0,-1,0,0,,,,,,,,,,,,,,,,,,,,,,,,,3
-1,-1,1,-1,-1,-1,-1,-1,-1,-1,-1,-1,-1,0,-1,1,-1,-1,-1,-1,0,-1,0,0,1,1,-1,1,-1,-1,-1,-1,1,-1,-1,0,-1,0,-1,-1,1,-1,-1,-1,1,-1,0,0,,,,,,,,,,,,,,,,,,,,,,,,,1
-1,-1,1,1,-1,-1,-1,1,1,-1,-1,1,1,-1,-1,-1,-1,-1,-1,-1,0,-1,0,0,-1,1,1,-1,-1,-1,1,-1,1,-1,-1,-1,-1,0,-1,1,-1,-1,-1,-1,0,-1,0,0,,,,,,,,,,,,,,,,,,,,,,,,,2
-1,-1,1,-1,-1,-1,-1,-1,-1,-1,-1,1,-1,0,1,-1,-1,-1,-1,-1,0,-1,0,0,-1,1,1,-1,-1,-1,1,-1,1,-1,-1,-1,-1,0,-1,1,-1,-1,-1,-1,0,-1,0,0,,,,,,,,,,,,,,,,,,,,,,,,,1
1,1,-1,1,-1,-1,-1,-1,1,-1,-1,0,-1,0,-1,-1,-1,1,1,-1,1,-1,0,0,-1,1,1,-1,-1,-1,1,-1,1,-1,-1,-1,-1,0,-1,1,-1,1,-1,-1,0,-1,0,0,,,,,,,,,,,,,,,,,,,,,,,,,1
-1,-1,1,-1,-1,-1,-1,-1,1,-1,-1,-1,-1,0,-1,1,-1,-1,-1,-1,0,-1,0,0,1,1,-1,1,-1,-1,-1,-1,1,-1,-1,0,-1,0,1,1,-1,1,1,-1,1,-1,0,0,,,,,,,,,,,,,,,,,,,,,,,,,1
1,1,-1,1,-1,-1,-1,-1,1,-1,-1,0,-1,0,-1,-1,1,-1,-1,-1,1,-1,0,0,-1,-1,1,-1,-1,-1,-1,-1,-1,-1,-1,-1,-1,0,-1,1,-1,1,-1,-1,0,-1,0,0,,,,,,,,,,,,,,,,,,,,,,,,,1
1,1,-1,1,-1,-1,-1,-1,1,-1,-1,0,-1,0,1,1,-1,-1,1,-1,1,-1,0,0,1,1,-1,1,-1,-1,-1,-1,1,-1,-1,0,-1,0,-1,-1,-1,1,1,-1,1,-1,0,0,,,,,,,,,,,,,,,,,,,,,,,,,1
